0.014689
0.00872217
0.00860051
0.0084089
0.00504148
0.0121963
0.024378
0.0335986
0.034171
0.0193348
0.0249523
0.00540214
0.0130946
0.000608436
0.01273
0.00260922
0.0130806
0.0202816
0.0181357
0.0301296
0.0119414
0.00356597
0.00829558
0.00532792
0.00492247
0.0125619
0.0283347
0.00532665
0.00961011
0.0289468
0.0113877
0.00233029
0.00787929
0.0167922
0.0343049
0.0318419
0.00305938
0.00120823
0.00116118
0.00295852
0.00309958
0.0122225
0.0129509
0.0514368
0.00952859
0.00387585
0.0103877
0.0153525
0.0117498
0.0186354
0.0124436
0.0077219
0.00690707
0.0150219
0.00240735
0.000989593
0.00219442
0.00154155
0.017781
0.00158918
0.0038626
0.0086968
0.00422913
0.00925312
0.0134303
0.00497872
0.00944187
0.00533233
0.00327732
0.00296362
0.00296302
0.0022178
0.00287623
0.0041731
0.00689521
0.00556894
0.00222046
0.00331892
0.00609321
0.00988041
0.0128291
0.00243414
0.0055723
0.00425617
0.00388234
0.00346979
0.000994278
0.000915853
0.00162895
0.0262592
0.0315989
0.00859922
0.0139108
0.00765162
0.00321713
0.00371721
0.00553781
0.00876258
0.00418762
0.0017833
0.0149649
0.0132247
0.000722718
0.00122222
0.00190069
0.016014
0.00778704
0.0317534
0.0174247
0.015538
0.0131571
0.0136187
0.0149202
0.0035909
0.0162201
0.0171419
0.0118393
0.0307238
0.000429295
0.00241894
0.000520008
0.00451575
0.00537808
0.00897581
0.0144492
0.00325124
0.012753
0.0110577
0.00364132
0.00300166
0.00357603
0.010585
0.0129375
0.00231019
0.0123201
0.00450764
0.00161849
0.00103311
0.0150874
0.0120708
0.026047
0.0182162
0.00573098
0.0207456
0.0374321
0.00880983
0.027108
0.0139465
0.0153237
0.0149095
0.0112641
0.0139509
0.0283806
0.00156749
0.00147222
0.0067083
0.0122379
0.00439579
0.00315577
0.01026
0.000398128
0.003388
0.00372669
0.0527339
0.000937569
0.00132996
0.0132409
0.00827711
0.00850982
0.00624765
0.0243265
0.027264
0.0044626
0.010427
0.0340621
0.00953957
0.0077817
0.00595372
0.00763246
0.018075
0.00670143
0.018385
0.00740224
0.0136173
0.0414259
0.079828
0.0632007
0.00796507
0.00444917
0.00415877
0.00292202
0.0364407
0.00124523
0.00130264
0.00127257
0.000820432
0.0310563
0.000974885
0.00112433
0.0320115
0.0380582
0.0500375
0.00365505
0.00406659
0.0412824
0.0158293
0.00606647
0.00979012
0.0209463
0.00179042
0.00303276
0.0052832
0.00252514
0.00333292
0.00124455
0.00473299
0.00608173
0.00374726
0.044296
0.00317833
0.0214607
0.00184532
0.0170473
0.0062441
0.0153275
0.00257759
0.0167221
0.0201943
0.0225333
0.0156935
0.0145486
0.00571021
0.0196258
0.0595674
0.0273359
0.00949967
0.016131
0.00454316
0.00324786
0.0721974
0.0180647
0.0278929
0.0134913
0.0183927
0.0230567
0.00229068
0.00939687
0.00203587
0.00798537
0.0104719
0.000884451
0.0114842
0.00471808
0.0178954
0.0121639
0.00947545
0.0134191
0.0053577
0.0040599
0.00572408
0.00559054
0.0066141
0.00159773
0.000470871
0.000694905
0.00136884
0.0037093
0.0201636
0.00333179
0.00903958
0.0183287
0.0240846
0.00602652
0.0190373
0.00259028
0.0034744
0.00555364
0.0131088
0.00143913
0.00122006
0.00201579
0.0014238
0.00825219
0.00590478
0.0102847
0.0107229
0.00391279
0.00285799
0.00291892
0.00041432
0.0166408
0.000664496
0.0269833
0.00882646
0.00521337
0.0046008
0.00448434
0.0384159
0.0093567
0.0310844
0.0289554
0.027641
0.0132338
0.0194687
0.00151025
0.0162579
0.0136328
0.000308226
0.00132842
0.000487593
0.00236761
0.0361692
0.0141174
0.0187735
0.00825309
0.0102816
0.00826998
0.000644971
0.000908288
0.016467
0.00124317
0.00124546
0.0214325
0.00727787
0.00285163
0.00445258
0.00763815
0.0117449
0.000632374
0.0149262
0.00403962
0.0397017
0.0410714
0.00602069
0.0377427
0.029134
0.107216
0.00687937
0.0113431
0.0402049
0.0328973
0.0290056
0.00125476
0.0130362
0.0212387
0.0100072
0.00829733
0.00777986
0.0290337
0.0070822
0.00946637
0.00069307
0.000858419
0.00516189
0.00097239
0.00105613
0.000140352
0.0278851
0.0209677
0.00146607
0.00868454
0.0151341
0.00626621
0.00400572
0.0125546
0.0125298
0.0284954
0.0179656
0.0156529
0.00643762
0.00538274
0.0304771
0.0226933
0.00507323
0.00232274
0.0047141
0.00527667
0.00521772
0.00295946
0.00363235
0.00704229
0.00933746
0.0198937
0.0148349
0.0105653
0.00436477
0.00829429
0.0101049
0.00568586
0.00781073
0.000414755
0.000953143
0.00648518
0.00245845
0.00224887
0.0138808
0.0497483
0.00643871
0.049705
0.00550616
0.0179137
0.00678565
0.00768936
0.019475
0.00721346
0.0209738
0.0198601
0.106063
0.0288796
0.0193721
0.0258653
0.0242632
0.060981
0.00248437
0.00662072
0.00203514
0.0301189
0.0217144
0.0013647
0.0330321
0.024542
0.0152342
0.0102709
0.00845639
0.0151532
0.0345696
0.00769795
0.0120186
0.00281124
0.00874237
0.00475923
0.00469041
0.00415825
0.0240399
0.0193179
0.0166159
0.00206717
0.00219913
0.0024273
0.00260953
0.0107096
0.0101179
0.0154279
0.0120689
0.0251003
0.0046467
0.00577279
0.0203973
0.0136374
0.0196907
0.00554688
0.00869208
0.0052992
0.00330239
0.0106556
0.0141332
0.00909621
0.00202201
0.00145805
0.00270229
0.00654795
0.0117546
0.00318932
0.00173385
0.00234166
0.00426557
0.0138654
0.00678285
0.0098229
0.00436306
0.00445255
0.0410722
0.00504169
0.0342964
0.0229133
0.0137671
0.0215365
0.0185859
0.00628023
0.00107105
0.00193151
0.0031538
0.00313169
0.00903277
0.01156
0.0203117
0.0159562
0.00241145
0.00400475
0.0369329
0.00444338
0.00628908
0.0203625
0.00346947
0.0116407
0.00386829
0.00582715
0.00112569
0.00246122
0.00728445
0.00270496
0.00288405
0.0176591
0.00660972
0.0216234
0.0034769
0.0273117
0.0412588
0.0140708
0.00325934
0.0332628
0.0210153
0.026395
0.00352356
0.0158898
0.0604278
0.0347868
0.0355829
0.00896919
0.0264396
0.0159764
0.00306918
0.00943482
0.0261636
0.00785962
0.0292123
0.0125932
0.0152735
0.00510746
0.0309235
0.0211609
0.00223952
0.00378511
0.0254098
0.0660456
0.0041894
0.0106723
0.00635815
0.00363463
0.0147211
0.00234118
0.00658743
0.00952906
0.0128988
0.000539604
0.000459897
0.00115641
0.000463046
0.0282185
0.0205845
0.00155416
0.0499523
0.00193674
0.0308611
0.00379058
0.0163081
0.0331101
0.00419086
0.00448314
0.0586033
0.0132334
0.00866334
0.0239964
0.0203346
0.000827412
0.00185819
0.0043684
0.0127182
0.00830913
0.00423136
0.0111961
0.00388943
0.0125662
0.0261557
0.0123539
0.00512943
0.0122137
0.00801704
0.00784462
0.00666416
0.000307218
0.00355292
0.0130025
0.00974862
0.037897
0.00213449
0.0138877
0.0472422
0.0121229
0.0156771
0.0128679
0.0210957
0.0174766
0.023752
0.0186045
0.00174424
0.0312315
0.0139627
0.00975299
0.0249455
0.00178134
0.00846396
0.0913746
0.0395753
0.000502163
0.0132658
0.0121342
0.00975162
0.000421898
0.000472399
0.00642711
0.0252688
0.0033093
0.0037262
0.00228395
0.00359516
0.0117263
0.0047546
0.0403451
0.00059085
0.00537277
0.00940165
0.00849891
0.00549184
0.00306956
0.00158071
0.00202312
0.00449549
0.00917669
0.0768495
0.0221707
0.0307964
0.0172586
0.039928
0.0117402
0.0143578
0.0115337
0.000719182
0.0243128
0.00143564
0.00266342
0.00754067
0.0182614
0.0302899
0.0267153
0.0492437
0.00275136
0.0217981
0.0015677
0.0013801
0.00174893
0.028933
0.000297777
0.0415997
0.000439307
0.0201865
0.0175268
0.0121497
0.00581983
0.00553928
0.00621239
0.00782382
0.0142509
0.0150984
0.0101735
0.00689125
0.00813503
0.00450748
0.0146149
0.00627348
0.0191042
0.00849012
0.0614844
0.0181366
0.0154524
0.0161349
0.034091
0.0713168
0.0310002
0.0234489
0.0432997
0.0032554
0.0134542
0.0149181
0.00124592
0.0011857
0.00116646
0.0059076
0.00745524
0.00396376
0.00363823
0.0038503
0.011009
0.00927051
0.0221254
0.0392148
0.00206808
0.00774935
0.0182678
0.0176256
0.013316
0.00915592
0.00161869
0.00572197
0.00353344
0.00355267
0.0104554
0.00181194
0.0120225
0.00863426
0.000402598
0.000662656
0.000407403
0.000546762
0.0129791
0.0168695
0.00978004
0.0829952
0.0118138
0.00106854
0.0155699
0.0117581
0.0345608
0.0119011
0.0309904
0.0166619
0.0265473
0.0232606
0.00323386
0.00688127
0.00752288
0.0089121
0.00961585
0.0380548
0.0657218
0.0128856
0.0155979
0.0213273
0.0124429
0.00419929
0.00584721
0.0114562
0.0126541
0.0163125
0.0183841
0.0467396
0.0467617
0.0190077
0.019209
0.017073
0.0139088
0.018463
0.0208163
0.0158269
0.0102127
0.0203994
0.0227597
0.0187371
0.00613892
0.0115205
0.00476428
0.00123645
0.000883624
0.00173304
0.00385384
0.00423542
0.00487421
0.0148577
0.0302074
0.00809793
0.00276096
0.00954524
0.00394542
0.019915
0.0171458
0.013576
0.00621505
0.0208391
0.0251221
0.00666338
0.0348073
0.00802662
0.0186676
0.00549321
0.00980631
0.00334999
0.00631159
0.011212
0.0105919
0.0441533
0.0312201
0.085617
0.00841936
0.00766562
0.0635448
0.049982
0.0217661
0.00244368
0.00757961
0.0201487
0.00283691
0.00467622
0.014702
0.00498528
0.0110962
0.00678549
0.00384607
0.025916
0.0127619
0.0111825
0.00602594
0.00528905
0.0266682
0.00955098
0.0214136
0.0406376
0.0379036
0.0144987
0.0189911
0.00627858
0.0291912
0.00423473
0.0244378
0.00536305
0.00194873
0.024809
0.0165849
0.00399577
0.034178
0.022524
0.0174913
0.0116458
0.00207079
0.00646686
0.00987076
0.00250016
0.0101655
0.00892642
0.0111129
0.0297046
0.0223156
0.0125717
0.0362977
0.00746398
0.00449
0.0160877
0.0208214
0.0165904
0.0195936
0.0139042
0.00924104
4.39206e-05
0.000402101
0.000649515
0.0226846
0.0244778
0.000807955
0.00147091
0.00367123
0.00277531
0.00251489
0.00637758
0.0173874
0.0108312
0.00833606
0.0200981
0.00585602
0.000530567
0.0111644
0.0126912
0.0067722
0.0139107
0.0249887
0.0125666
0.0136787
0.00246574
0.0132064
0.00861002
0.0218241
0.00318475
0.00218288
0.00458046
0.0018647
0.01657
0.033371
0.00824509
0.000809876
0.00409484
0.0104997
0.0385083
0.0123781
0.00557142
0.0354952
0.0102296
0.0248186
0.00974173
0.0276428
0.039808
0.0115453
0.00596853
0.000285784
0.0145783
0.000440995
0.0109094
0.00808368
0.00352098
0.00662239
0.00878576
0.0590859
0.0113291
0.0108445
0.0165304
0.0197138
0.00246304
0.00670938
0.0467863
0.0123766
0.0238489
0.0108485
0.0840124
0.033701
0.00309019
0.0208123
0.0106244
0.00555974
0.00347201
0.00100804
0.00667717
0.0204475
0.0101159
0.0239642
0.0106518
0.00267212
0.00690323
0.00590829
0.011904
0.0149118
0.00973685
0.0170152
0.0125478
0.00876927
0.0223638
0.00879276
0.0311584
0.0448391
0.011626
0.0118505
0.0139656
0.00801812
0.00691116
0.00586651
0.000560517
0.0109427
0.0504133
0.00516395
0.0246587
0.00265862
0.0245145
0.00845273
0.0172602
0.00375437
0.0306997
0.0153485
0.00830254
0.00324293
0.00946802
0.00462447
0.0379321
0.0143596
0.0175073
0.0112812
0.0103304
0.0107036
0.00879441
0.00930262
0.0116266
0.0148776
0.0111763
0.0189392
0.0146744
0.0124282
0.019401
0.0135781
0.0137298
0.0332004
0.0495654
0.0186906
0.00590299
0.0278575
0.015992
0.00417458
0.00808207
0.018253
0.0168373
0.00460364
0.0187751
0.00535716
0.00820317
0.00583495
0.0036365
0.0175199
0.0112694
0.0379605
0.0005755
0.0241961
0.0392573
0.0321522
0.0022239
0.0026149
0.0137401
0.0189738
0.00280438
0.00555505
0.00268028
0.00597431
0.0124161
0.00444463
0.00984237
0.00450927
0.0081041
0.0165193
0.0292554
0.0213036
0.00227832
0.0456395
0.0215701
0.0175946
0.015046
0.00601658
0.0107464
0.0291956
0.00684937
0.02331
0.0847319
0.0231597
0.00354056
0.0350185
0.0073398
0.0153583
0.0190219
0.0268786
0.00498888
0.00393762
0.00617059
0.0128743
0.0385708
0.0355497
0.0049767
0.0148231
0.0173124
0.00755566
0.00330132
0.0194873
0.000259788
0.0135924
0.0163986
0.0107106
0.0272308
0.0163263
0.00761691
0.0171441
0.0172098
0.00426208
0.00970236
0.0153396
0.000124982
0.00482188
0.00763582
0.00535319
0.00127781
0.0267171
0.0137908
0.00975792
0.00898628
0.0122447
0.00813417
0.00750546
0.00577482
0.00449536
0.00837717
0.0236957
0.00363796
0.00667012
0.0204431
0.029369
0.0126334
0.00903559
0.00264982
0.0235072
0.00382618
0.00293916
0.00770212
0.0832482
0.0148697
0.0320391
0.0734492
0.00659374
0.00448351
0.0092184
0.0175
0.020412
0.0180355
0.0416277
0.0142579
0.0101445
0.0289306
0.0200609
0.0129201
0.0138407
0.00742074
0.0228342
0.0142785
0.00348706
0.0153359
0.00548848
0.0088836
0.00418341
0.00218148
0.0315573
0.0013213
0.00417255
0.0108605
0.00950859
0.0210107
0.00285784
0.00361956
0.0265849
0.0873143
0.00732848
0.0058759
0.0193033
0.000998706
0.0158905
0.0116004
0.00800984
0.0392111
0.0189889
0.0161639
0.0382307
0.00930098
0.0121258
0.00189995
0.00829454
0.00535683
0.0102111
0.00582166
0.00425143
0.0121611
0.00956828
0.00581538
0.00231883
0.00607067
0.00211336
0.00394765
0.0107535
0.00660989
0.00405796
0.00210374
0.00689203
0.00524014
0.00534866
0.00445513
0.00570017
0.0168484
0.0165979
0.00601934
0.00398444
0.00253916
0.00800189
0.00139653
0.000414657
0.00622422
0.024246
0.0609321
0.0167598
0.0518095
0.00163372
0.0234106
0.00972432
0.056211
0.0262807
0.000301676
0.00065543
0.000349553
0.0231887
0.00297853
0.00737563
0.0124535
0.0215399
0.0330379
0.0126604
0.0121908
0.00324934
0.00826974
0.00424186
0.00250808
0.000715681
0.00120872
0.00228885
0.00598396
0.00666558
0.00709723
0.00224628
0.000554584
0.0203778
0.00585814
0.027517
0.00233758
0.00114925
0.000910822
0.000228568
0.00299532
0.00610821
0.0152267
0.00183013
0.0348103
0.00962144
0.00254422
0.00927242
0.00996365
0.00899138
0.0114661
0.0108717
0.00852924
0.00384324
0.00235561
0.0031711
0.00636938
0.00766213
0.0119498
0.00536772
0.00586395
0.00668884
0.014952
0.0112883
0.00834976
0.0188674
0.0343156
0.0347638
0.00786051
0.00948764
0.10042
0.0154219
0.0108562
0.0101921
0.0220618
0.00414268
0.0248182
0.0216386
0.00436813
0.00861834
0.00766458
0.0398525
0.0106859
0.0113325
0.0477195
0.0516044
0.0268043
0.0190561
0.0473033
0.0370047
0.0314165
0.0173978
0.0523951
0.00330675
0.0166875
0.0173359
0.00390685
0.0104369
0.0137134
0.0100784
0.00754923
0.00739933
0.00747457
0.0139403
0.00739974
0.00396769
0.00357089
0.00405529
0.00532272
0.0232338
0.00704546
0.0265763
0.0596925
0.0663886
0.0148357
0.0153498
0.0286849
0.0158612
0.00738701
0.00277918
0.00648648
0.0114272
0.0024102
0.00808398
0.0086327
0.00891373
0.0127231
0.0132746
0.00316707
0.00486743
0.00980319
0.00898339
0.00421627
0.00946287
0.0059552
0.00331903
0.0209665
0.0119287
0.0361716
0.0248853
0.0156934
0.00794126
0.00109359
0.0130904
0.0131963
0.0154701
0.0218542
0.0294619
0.0339394
0.0127664
0.0150848
0.0190845
0.0347962
0.00405254
0.00134764
0.00310845
0.00402319
0.0101474
0.00646703
0.00356135
0.00303106
0.00313741
0.00262218
0.00269505
0.00578819
0.0107273
0.0173977
0.00785749
0.000622616
0.00147289
0.00712948
0.00040096
0.0122302
0.00854392
0.00738219
0.00631179
0.0137478
0.00936711
0.0035773
0.00421172
0.00961765
0.0100555
0.0212211
0.00890368
0.00454675
0.00787888
0.00523974
0.0252784
0.00334619
0.0147343
0.0108483
0.00988373
0.00917714
0.00820343
0.00361751
0.00244736
0.00157995
0.0352061
0.0019747
0.00941449
0.00123905
0.00159526
0.00100212
0.00189932
0.00144703
0.00131891
0.0200824
0.00491603
0.0024337
0.00206114
0.00395711
0.00802414
0.0134501
0.025076
0.00853188
0.0146849
0.00438564
0.00523935
0.00734566
0.00223681
0.0192908
0.00266148
0.00520189
0.0178388
0.0228851
0.00200389
0.00706196
0.00978506
0.0200896
0.00977181
0.0304967
0.0229409
0.0075473
0.00614963
0.0201556
0.0177759
0.0135997
0.0132673
0.00389473
0.0402804
0.00570428
0.0198601
0.00657145
0.0114612
0.0268013
0.00903536
0.0298001
0.0333669
0.0401756
0.0138055
0.00969309
0.00735109
0.0128107
0.0223946
0.0192486
0.0164339
0.0314659
0.00569212
0.00817498
0.00598272
0.00726234
0.00922226
0.00382893
0.00433505
0.00727845
0.00962312
0.00710524
0.00665011
0.0282909
0.0292716
0.0214863
0.0249811
0.00366499
0.0127677
0.0102586
0.00526019
0.0179272
0.0089655
0.0075117
0.00403449
0.00415186
0.00134367
0.000945393
0.00295874
0.00321839
0.0149722
0.0178448
0.00773794
0.00928867
0.00510744
0.00594035
0.0140504
0.0367839
0.00368152
0.0105905
0.0362306
0.0044476
0.0308761
0.0396651
0.0245573
0.0058175
0.0169751
0.0197088
0.0489582
0.0502547
0.0117686
0.00314976
0.00137944
0.000966664
0.0772343
0.00140347
0.0302165
0.0140351
0.0301105
0.0287422
0.000669297
0.000498273
0.00390195
0.00190611
0.000811314
0.015747
0.0196241
0.0138242
0.0272772
0.00834825
0.0125598
0.00774304
0.0127004
0.0137578
0.00927253
0.00491046
0.0110329
0.00136592
0.000824038
0.000757954
0.0040094
0.0101758
0.0174601
0.0112949
0.0204713
0.0132956
0.101637
0.00812662
0.0280389
0.00909636
0.0164425
0.0079609
0.0010613
0.0142303
0.000634418
0.0143839
0.0871612
0.00267329
0.00103768
0.000889212
0.00220908
0.00147033
0.0117277
0.00268844
0.00170919
0.0218051
0.0622117
0.0538094
0.0146793
0.00403964
0.00864286
0.00417044
0.011422
0.00173597
0.0404469
0.018803
0.00629844
0.00964479
0.0174994
0.0118136
0.00678779
0.0151056
0.0161659
0.0307836
0.0297098
0.0424647
0.00314599
0.0200569
0.0566834
0.0112534
0.0230116
0.0137939
0.010121
0.00555306
0.00913213
0.0108254
0.0138576
0.00999233
0.0349352
0.0158024
0.0287253
0.00679223
0.00500028
0.0195454
0.029249
0.0153794
0.0343169
0.0122237
0.0219799
0.0154247
0.0115456
0.00808804
0.00566436
0.0393448
0.00664368
0.00433087
0.00930532
0.0199187
0.0245648
0.0223119
0.0236193
0.0333388
0.014832
0.00844384
0.00226165
0.00232424
0.00276997
0.00341583
0.00422887
0.000919219
0.00523711
0.00348565
0.00428682
0.00634086
0.00770592
0.0105225
0.015627
0.00488388
0.00235926
0.0130051
0.011953
0.0126261
0.0172344
0.00866377
0.00603567
0.0298466
0.021651
0.0119034
0.0409066
0.0456793
0.00690029
0.0142132
0.00304885
0.00408089
0.0542836
0.00213455
0.033249
0.0239483
0.0256341
0.00853495
0.0380396
0.0108753
0.00981686
0.00317114
0.0144328
0.0255662
0.0398104
0.00692324
0.00689118
0.0370751
0.0118128
0.0211678
0.00963552
0.0227818
0.0242336
0.00430492
0.00515642
0.00490161
0.0220868
0.00521612
0.0385981
0.0227873
0.00109555
0.0238995
0.0145206
0.0114966
0.00589816
0.0116946
0.0265622
0.0085927
0.00190439
0.013339
0.0139949
0.0466714
0.0107681
0.00486614
0.00496353
0.0105506
0.00674805
0.0232708
0.00955133
0.0065843
0.0253049
0.00659189
0.0018514
0.00735656
0.0236389
0.0032982
0.00166263
0.00240268
0.00327388
0.00234293
0.0254173
0.0140087
0.00122723
0.0364438
0.0336016
0.002538
0.0213655
0.014689
0.020377
0.0247335
0.0046822
0.00304518
0.0310476
0.0115186
0.00354798
0.00369492
0.0167861
0.017477
0.00613879
0.00871743
0.00371683
0.0405294
0.00255012
0.00349053
0.00334647
0.00233393
0.0120892
0.00475071
0.0189894
0.0167179
0.00107507
0.0158943
0.0282304
0.00794283
0.0058568
0.00479641
0.0100558
0.00484567
0.0111146
0.0127901
0.0104322
0.00846615
0.0132864
0.0129966
0.0102232
0.0206554
0.0206215
0.0206232
0.0154329
0.05325
0.05419
0.00430484
0.00168339
0.00186871
0.00304085
0.00958605
0.00492735
0.0113128
0.00117574
0.00761815
0.0107541
0.0140877
0.00616042
0.00700103
0.00366414
0.0319668
0.0288407
0.0297793
0.0099968
0.00478295
0.00551063
0.00475561
0.0185509
0.0102922
0.0138125
0.00503531
0.00958533
0.00245177
0.00745667
0.0179498
0.0195775
0.00929453
0.00352882
0.00244738
0.00214111
0.00251524
0.00343784
0.0129508
0.00735329
0.000525616
0.00302562
0.00244946
0.001816
0.00236219
0.00578159
0.0183973
0.00936529
0.00855789
0.00421447
0.00125406
0.00457111
0.00151087
0.00518123
0.002208
0.00411781
0.0436549
0.00314369
0.0318895
0.0434593
0.0078836
0.0133846
0.00263424
0.0041191
0.00839191
0.0160347
0.0100113
0.0054498
0.0107815
0.00736813
0.00521098
0.00876064
0.00596222
0.00356174
0.00826077
0.0073807
0.0207373
0.0084171
0.01029
0.0113162
0.0115899
0.0104431
0.00149405
0.00174095
0.00799167
0.000860841
0.0567992
0.00980078
0.00139124
0.0181563
0.0197697
0.00572224
0.00399702
0.0105657
0.00886817
0.0176374
0.00207954
0.00225005
0.000191185
0.000153411
0.000194601
0.00282262
0.00506723
0.00494546
0.0296879
0.00848641
0.0129537
0.0139884
0.00910929
0.00989755
0.00184644
0.00577899
0.00915008
0.0481211
0.013727
0.0132326
0.00353994
0.00153021
0.00239556
0.00617319
0.0111516
0.0306827
0.0118084
0.02171
0.0104955
0.0470046
0.0299247
0.00967569
0.000849031
0.00350741
0.0102392
0.0126446
0.0069597
0.00137295
0.0111543
0.00123548
0.00046128
0.00505883
0.00397226
0.00936213
0.00397262
0.0026631
0.00253894
0.00123275
0.00534357
0.0450486
0.0702028
0.00801857
0.00385504
0.00317575
0.00504587
0.021076
0.00289592
0.00623106
0.00621874
0.00625438
0.0196907
0.0056996
0.0206163
0.0166911
0.00812844
0.027044
0.00319924
0.0047501
0.0219461
0.04001
0.0434527
0.0234432
0.0019346
0.00573859
0.0340221
0.0524156
0.0266489
0.0062802
0.0252632
0.029755
0.0112814
0.024885
0.0249965
0.00520153
0.0222283
0.0117893
0.0215234
0.00612189
0.0275253
0.0486129
0.0510557
0.0138016
9.21033e-05
0.000224061
0.000228178
0.0136317
0.00032711
0.00752477
0.0113752
0.00443842
0.0198542
0.0259073
0.010991
0.0243708
0.0595074
0.00733092
0.00830902
0.0304594
0.00363243
0.0207792
0.0124627
0.00251954
0.0100201
0.00290823
0.0131654
0.012562
0.00359799
0.000477933
0.00741457
0.0433225
0.040385
0.00403305
0.0106892
0.0215232
0.00748113
0.000317104
0.0282174
0.0240629
0.00036705
0.0230262
0.0207244
0.0364649
0.00939271
0.0148916
0.00927162
0.0031699
0.000963047
0.00317448
0.0138531
0.0029821
0.00927495
0.00561136
0.0277148
0.0161011
0.00951177
0.0368947
0.00915383
0.0150323
0.0164267
0.0193483
0.0322313
0.00641419
0.0016195
0.00121844
0.000549551
0.00386021
0.0168032
0.000845758
0.00533757
0.00496464
0.00409064
0.0082229
0.00211697
0.0137624
0.0013492
0.0185493
0.00986408
0.0143051
0.0066908
0.00471388
0.0452016
0.023009
0.01745
0.0315243
0.0226698
0.015161
0.0226141
0.0190909
0.021571
0.015277
0.0125006
0.0151884
0.00645881
0.00844527
0.00120542
0.00247285
0.000922422
0.00155566
0.00329801
0.00868652
0.0125396
0.0110233
0.0131936
0.0268301
0.00266312
0.0041733
0.0210732
0.0212941
0.0184322
0.0054509
0.00420568
0.00630803
0.0144026
0.00901388
0.00198086
0.00419554
0.00856336
0.0175914
0.0145363
0.00289511
0.00253279
0.000137472
0.00218812
0.0352899
0.0073821
0.00505822
0.00697443
0.00164194
0.00714586
0.0038839
0.00241691
0.00187183
0.00236501
0.00219212
0.0211878
0.0468276
0.0169551
0.00248529
0.0154415
0.0305376
0.00636536
0.0611109
0.00207225
0.00995043
0.00310686
0.00867678
0.0053816
0.0338488
0.0114216
0.0170477
0.00448435
0.00659424
0.00105004
0.00261782
0.0720581
0.057166
0.0287089
0.0153726
0.00791327
0.0141476
0.00564367
0.0226628
0.0187475
0.00891865
0.0247912
0.011661
0.00920151
0.000796956
0.0042541
0.0216619
0.0169858
0.0141096
0.0124713
0.0137273
0.0299022
0.00293997
0.00119088
0.00784466
0.00200825
0.0259233
0.00226061
0.0494545
0.0474989
0.0170933
0.000410488
0.0156155
0.00904556
0.00283924
0.0128361
0.0196421
0.0123814
0.0295071
0.0347167
0.00115239
0.000450019
0.000375118
0.0308318
0.000318563
0.0201202
0.0151933
0.0158298
0.0139414
0.00601353
0.0144944
0.00791114
0.00365444
0.000892513
0.00223031
0.042147
0.0016865
0.00770113
0.0190184
0.00973186
0.00703174
0.00932723
0.0148235
0.00323621
0.0287185
0.0171039
0.0181142
0.00422657
0.00407076
0.0121374
0.00484965
0.0132909
0.0032655
0.000792033
0.00093707
0.00110956
0.0232095
0.0050119
0.00129411
0.0068445
0.0236809
0.00429888
0.0210988
0.0212377
0.00827815
0.0126419
0.00779157
0.0148416
0.00265722
0.0138335
0.0030966
0.00749377
0.00681279
0.0173719
0.0213553
0.0154101
0.0205966
0.015408
0.00205648
0.00689652
0.00227453
0.00509548
0.00271579
0.00283932
0.00582134
0.00306082
0.0726053
0.0330521
0.0446725
0.03291
0.0166226
0.010649
0.0213152
0.0770789
0.0103661
0.0198569
0.00352508
0.00679037
0.0222173
0.00274691
0.00334796
0.0075785
0.00719232
0.0153246
0.00363689
0.0149347
0.0127876
0.0056271
0.00589047
0.00269713
0.00284757
0.0103183
0.00680529
0.0112807
0.0195284
0.0110606
0.00542728
0.00314641
0.0012638
0.00268068
0.0103815
0.0276855
0.0026147
0.000788406
0.00183934
0.0078142
0.00919977
0.0108945
0.00084434
0.0165654
0.0352972
0.0121734
0.00556989
0.00610727
0.00308666
0.00288877
0.0102492
0.00180904
0.00249043
0.0225664
0.0271023
0.0167838
0.0291134
0.00930023
0.0248143
0.0262378
0.0026972
0.00454894
0.0021509
0.00371973
0.00936603
0.0115685
0.0126785
0.00247748
0.00261171
0.00958033
0.00919856
0.0112204
0.0209966
0.0214313
0.0231952
0.0103513
0.0138717
0.00706217
0.00373514
0.00378205
0.0159888
0.0175307
0.0227989
0.0244606
0.0103736
0.00577173
0.0153378
0.0101764
0.0111621
0.00677965
0.0248989
0.00409724
0.00365739
0.00656122
0.0126351
0.00436669
0.0287339
0.0136221
0.0186776
0.012705
0.00417128
0.00511038
0.0096386
0.0175724
0.0126846
0.00413689
0.00928092
0.00434907
0.0079069
0.0180446
0.0190965
0.00185014
0.0116779
0.0101492
0.0149599
0.00790527
0.013172
0.0192687
0.0101638
0.00219457
0.00242783
0.0148596
0.00172972
0.0308105
0.00267827
0.0222962
0.00343
0.0550146
0.0128674
0.0280107
0.00399436
0.00277754
0.00273341
0.0215606
0.00180555
0.0126197
0.0120733
0.00745716
0.00856566
0.0129667
0.010047
0.0207631
0.0436903
0.0365558
0.00814517
0.036852
0.00702063
0.0125264
0.00471384
0.0257844
0.0332348
0.0363761
0.00551097
0.002284
0.00016472
0.00311978
0.00600527
0.0184966
0.0212646
0.00412282
0.00313074
0.00660266
0.00581602
0.0189348
0.01613
0.00595767
0.0099106
0.00606083
0.0107372
0.00929996
0.0132423
0.0047752
0.00991825
0.0031039
0.00564991
0.00163456
0.0472877
0.00228846
0.0147385
0.015244
0.00197935
0.00902594
0.00604469
0.00525231
0.0145188
0.0240732
0.00488141
0.00120521
0.00064044
0.00120675
0.0101588
0.00147423
0.0325487
0.0181826
0.00343581
0.0278747
0.0146312
0.0173079
0.0256151
0.0239055
0.00576809
0.00124484
0.00439339
0.00444098
0.00505582
0.00448037
0.00142537
0.0425522
0.00232712
0.0117365
0.00604314
0.0077327
0.0190543
0.0121185
0.00024489
0.0207112
0.00367448
0.00714837
0.0128194
0.0196566
0.0140237
0.0144223
0.000836694
0.00770485
0.019195
0.00689446
0.0417047
0.0034302
0.0220986
0.0181246
0.0157347
0.00207218
0.00654195
0.00933435
0.00296962
0.0143284
0.0197748
0.00331279
0.0120145
0.0010083
0.00538287
0.0128815
0.00158168
0.0179632
0.00860464
0.00431744
0.00879957
0.0223011
0.0243926
0.00165177
0.0193147
0.00934141
0.00433578
0.00489882
0.00627064
0.00738011
0.00568096
0.00323742
0.00657448
0.0179519
0.0130782
0.0166689
0.0121467
0.0211548
0.00366025
0.0142873
0.00323069
0.0265573
0.00948554
0.0200023
0.00677918
0.0416763
0.00204401
0.0151732
0.00704395
0.0087032
0.0293531
0.00516311
0.0350452
0.0150621
0.00367124
0.0123617
0.00408907
0.00813392
0.0052428
0.0033032
0.00209178
0.0355692
0.00142376
0.0262247
0.00780278
0.0147214
0.0630585
0.00551008
0.0117703
0.0182505
0.0331206
0.00844306
0.000694566
0.0284662
0.000396771
0.0153135
0.00832053
0.0113714
0.0310934
0.0416882
0.00502673
0.0217487
0.0159811
0.00225038
0.0021822
0.0170773
0.00116952
0.0137115
0.000709961
0.0274279
0.0147488
0.0170755
0.00556236
0.0134706
0.00546859
0.00206491
0.00216815
0.0252755
0.0102332
0.00164359
0.00921193
0.00736172
0.0217545
0.0085727
0.00662818
0.0138255
0.0142549
0.0255914
0.00305366
0.00593224
0.00447268
0.0291216
0.00890847
0.036441
0.0243178
0.0146506
0.0113436
0.0262225
0.0212123
0.0222495
0.00651351
0.000370718
0.0171445
0.00154034
0.00881283
0.0191974
0.00800343
0.00496463
0.00345634
0.0179054
0.00427893
0.029747
0.0247745
0.00595904
0.0133974
0.00575682
0.0119761
0.00514544
0.0106019
0.0857131
0.00265471
0.0226692
0.0285475
0.031331
0.0101029
0.0106881
0.0157229
0.0256933
0.0117424
0.0187697
0.0037718
0.0151342
0.0421879
0.0164875
0.0647378
0.00387556
0.00408809
0.0420938
0.0190505
0.00814101
0.0200821
0.00720498
0.0144324
0.0121383
0.00959141
0.0235282
0.0149984
0.0104384
0.00260431
0.00299236
0.00537157
0.00287746
0.0015511
0.0238401
0.0113711
0.00109348
0.0146535
0.00744024
0.0194944
0.00872775
0.00600764
0.00943344
0.0334064
0.0120379
0.00219742
0.00439624
0.00419187
0.00727677
0.00472525
0.0142329
0.00424175
0.009096
0.00390985
0.00241415
0.00474247
0.00493221
0.00501806
0.0221694
0.0317891
0.0400995
0.00957035
0.00632135
0.00889673
0.00913293
0.00672672
0.00416928
0.00771896
0.00966288
0.0217619
0.0423154
0.00230425
0.00605572
0.0104129
0.0119258
0.0211208
0.0256344
0.000141537
0.0035123
0.00612021
0.00650664
0.023509
0.00533895
0.0169938
0.0113235
0.0105778
0.0310165
0.00605219
0.00830067
0.0754567
0.0114229
0.00540367
0.0261028
0.0105684
0.00912119
0.00962005
0.0176419
0.0109528
0.0091764
0.00134402
0.00606507
0.00602064
0.00580108
0.00581476
0.00429178
0.00962921
0.0222633
0.0154292
0.0267779
0.0322588
0.0163067
0.00424031
0.0023092
0.0137725
0.00611092
0.00167721
0.0236649
0.00960747
0.00422268
0.000113674
0.0113657
0.000110064
0.0178043
0.0168093
0.0014011
0.00308257
0.0063432
0.00649261
0.0114463
0.0233099
0.0115733
0.010817
0.000297023
0.00224615
0.00211263
0.00192682
0.0420169
0.006453
0.0037157
0.0315107
0.00457199
0.022123
0.037813
0.0311047
0.00667163
0.00606983
0.0538437
0.00756807
0.065239
0.0286884
0.0141132
0.0313309
0.0132292
0.00768985
0.0287288
0.00662492
0.00891992
0.0137972
0.0221703
0.0113778
0.00278903
0.00283761
0.0285679
0.00406437
0.0256661
0.0186613
0.0257815
0.00304192
0.00221697
0.00181177
0.00188056
0.00625402
0.0249562
0.00765446
0.00150896
0.00832766
0.00495416
0.00991007
0.00907393
0.00865664
0.00822968
0.000720875
0.00129721
0.0113807
0.00218512
0.00204527
0.000423696
0.0267368
0.0126861
0.0272094
0.00237982
0.00155377
0.00104604
0.0102608
0.00445587
0.0024491
0.00986656
0.0227641
0.00436358
0.00733419
0.0158789
0.0103966
0.00491254
0.0200346
0.00147789
0.0115527
0.0068854
0.000553132
0.0118361
0.0135354
0.00620782
0.00686116
0.00324549
0.0200463
0.00999942
0.0121538
0.00710892
0.0170075
0.0290646
0.0130038
0.0132636
0.0124485
0.00331914
0.00043239
0.0184766
0.013376
0.00877828
0.00982485
0.00259374
0.00211151
0.000734106
0.0015868
0.0215894
0.00797218
0.0177828
0.00318198
0.0149805
0.00368027
0.00890193
0.00359444
0.0167378
0.00579756
0.0124315
0.00582737
0.00968684
0.039397
0.0195719
0.0267343
0.0098916
0.00837578
0.0153588
0.00696821
0.00280097
0.00344383
0.0238024
0.00444358
0.00858724
0.00590148
0.00141593
0.00785941
0.00928103
0.0122599
0.0016455
0.0182245
0.00316013
0.00639314
0.00259531
0.00449562
0.00688047
0.00997278
0.01817
0.0219822
0.00884421
0.00441755
0.0241838
0.0246514
0.00249952
0.0215516
0.00840124
0.00187459
0.0060014
0.0064345
0.0118464
0.0500986
0.0555798
0.00918627
0.0267628
0.00709298
0.00533506
0.0291212
0.0179109
0.0294939
0.0505421
0.00929309
0.0267999
0.0182728
0.0135942
0.0109958
0.0026882
0.00467835
0.0157053
0.0157539
0.0120036
0.0236476
0.00489218
0.00875594
0.0127717
0.000983368
0.00529917
0.0156587
0.000943242
0.0138697
0.0237238
0.0383668
0.0105699
0.0169537
0.0124961
0.00745492
0.0086774
0.0331377
0.0127415
0.0310555
0.0133226
0.00940643
0.0139917
0.0138804
0.00914935
0.00382721
0.0109546
0.0195969
0.00704883
0.0040289
0.000702933
0.00535961
0.0223058
0.00889014
0.0288885
0.0451942
0.00812932
0.0103222
0.0250325
0.021401
0.0104798
0.00599923
0.00536891
0.00180515
0.00494304
0.00297375
0.00224395
0.00231899
0.00313173
0.0222751
0.0361665
0.00231725
0.00276889
0.00293787
0.00702511
0.0314457
0.00315576
0.00981231
0.00535561
0.0424255
0.0104195
0.00590103
0.00925616
0.0224678
0.0555667
0.0053386
0.00359179
0.0154055
0.00136449
0.0347892
0.0272648
0.0209023
0.014657
0.0642209
0.0215098
0.0136006
0.0306655
0.0289946
0.0252249
0.0436528
0.0508881
0.0105249
0.0169303
0.0090731
0.0154726
0.0105599
0.00841887
0.00190935
0.00176525
0.0039642
0.0275078
0.00737979
0.00820539
0.00351785
0.0139267
0.00525308
0.00858612
0.008926
0.00267273
0.00977029
0.00114858
0.00807368
0.016985
0.00914748
0.00233191
0.0121778
0.00709641
0.0122885
0.00832343
0.0178759
0.00897356
0.00957113
0.0118237
0.00831496
0.0295496
0.00672539
0.00662741
0.0503791
0.00295132
0.00971392
0.024591
0.0212775
0.0604471
0.0112483
0.00643696
0.00087765
0.00630204
0.0312599
0.00256904
0.00752178
0.0214657
0.0041244
0.0178645
0.00451958
0.00208864
0.0153837
0.00386018
0.0104078
0.00675865
0.00441576
0.00281685
0.0197438
0.00203714
0.01762
0.0155379
0.0302533
0.000560971
0.0107258
0.0180157
0.0190247
0.045396
0.00699767
0.0113678
0.0162955
0.0338659
0.0105629
0.00556426
0.0355941
0.0266924
0.028618
0.00985462
0.00440952
0.00240417
0.00469188
0.0134758
0.0297226
0.023048
0.0228421
0.0155949
0.0102755
0.000595867
0.0226647
0.0114135
0.0117646
0.00623472
0.00322215
0.00641824
0.00315919
0.00127039
0.0255868
0.0315713
0.000682839
0.00205118
0.0265612
0.0130668
0.00770714
0.0103251
0.0216187
0.0288341
0.0290832
0.0252856
0.00582293
0.0123433
0.0407186
0.0153926
0.00836397
0.0351478
0.00823612
0.0147289
0.00994343
0.0281513
0.010361
0.0158473
0.00158386
0.00623669
0.0200152
0.0288169
0.00350972
0.0317657
0.0102178
0.0128941
0.0112641
0.00796666
0.0191817
0.0505343
0.00526286
0.00913992
0.0111799
0.00814639
0.00721763
0.00638616
0.0465385
0.0157117
0.0139914
0.0010752
0.00607309
0.00122564
0.00256652
0.00102246
0.00833602
0.00310295
0.0384948
0.0187946
0.0125218
0.00307413
0.0316731
0.0342327
0.00384825
0.00230161
0.00551637
0.0113182
0.00525283
0.01497
0.0192531
0.0098136
0.00524673
0.00541732
0.00407221
0.00628695
0.00142871
0.00866879
0.00507877
0.0031181
0.0268588
0.0474593
0.0316144
0.0359183
0.0312893
0.00296349
0.00205538
0.00359069
0.0108482
0.0047583
0.00209193
0.0111088
0.0105196
0.00991159
0.00930018
0.00870158
0.0218138
0.00934423
0.00489341
0.0247192
0.0102306
0.0189717
0.00772392
0.00745489
0.00452005
0.0102569
0.000911755
0.0106364
0.0118273
0.00139742
0.0112252
0.00600179
0.00767885
0.014832
0.000505374
0.0031034
0.000536554
0.00861923
0.0251725
0.0658177
0.00178032
0.00544319
0.0115572
0.00124343
0.0264737
0.0586525
0.0215634
0.00681694
0.0586141
0.0634822
0.00887014
0.0119391
0.0153467
0.0019538
0.0456512
0.00816945
0.00454294
0.00228944
0.00283852
0.0167757
0.0398487
0.0136844
0.0124548
0.000867174
0.0388362
0.0222121
0.00529842
0.0146434
0.00832564
0.0054966
0.0225474
0.00470916
0.0107399
0.00830796
0.0193012
0.0245309
0.0071532
0.00510416
0.0162434
0.00569746
0.00378595
0.000162419
0.0261225
0.0215172
0.00145614
0.0267773
0.0152076
0.00222292
0.0182004
0.0120179
0.00706375
0.0130552
0.0341143
0.00701139
0.0178431
0.018833
0.014156
0.00753451
0.0172873
0.00577579
0.00928467
0.00470399
0.00367253
0.0505786
0.00635761
0.0014264
0.00907648
0.00175174
7.90308e-05
0.000865729
0.00819828
0.000571904
0.0011632
0.00421219
0.00544161
0.00948534
0.00557517
0.0235414
0.00421605
0.0413797
0.0201483
0.0232741
0.0385299
0.0173961
0.0318527
0.0350781
0.00809569
0.0199928
0.00245663
0.0130135
0.00583595
0.00732316
0.00534716
0.00317677
0.0204608
0.0145355
0.0073789
0.0198259
0.0241815
0.0113237
0.0110518
0.018377
0.00493204
0.0234081
0.0165113
0.0251226
0.0287486
0.0354724
0.0334965
0.0235704
0.0309819
0.0162689
0.00923251
0.0104548
0.000833144
0.000671376
0.00482589
0.0190285
0.000715613
0.000346345
0.011019
0.0236741
0.0191324
0.00563819
0.0179824
0.000643339
0.00212221
0.00593416
0.00102025
0.00180142
0.00112018
0.00320896
0.00106542
0.00604459
0.0106775
0.01291
0.00609664
0.00313801
0.00435366
0.00213036
0.0070712
0.00367873
0.00928393
0.00198239
0.0036016
0.00607781
0.0105545
0.00492194
0.0762418
0.0504658
0.0205193
0.00252953
0.00465213
0.0184155
0.00151253
0.0139711
0.0253915
0.00596203
0.0070311
0.0120916
0.0306216
0.0452699
0.0262764
0.025798
0.00675057
0.00383161
0.023956
0.0141788
0.0179867
0.0138256
0.00279533
0.00357104
0.00128142
0.00653863
0.0036849
0.0016449
0.00904734
0.00857106
0.000588167
0.0454594
0.0239397
0.0682324
0.00115289
0.0138352
0.0317051
0.00300252
0.046877
0.00567441
0.0308017
0.030266
0.00367997
0.049341
0.00309955
0.0238879
0.0113362
0.00996387
0.00146021
0.00812762
0.00262265
0.0148742
0.00864561
0.00376059
0.00938907
0.0281248
0.00708211
0.0113217
0.0176763
0.00875581
0.0154913
0.00849356
0.0156847
0.0125984
0.00950205
0.0211238
0.044715
0.0205488
0.0714817
0.00511672
0.00904896
0.0177677
0.0136885
0.0315653
0.0149663
0.0147491
0.0181693
0.0114806
0.0296652
0.00966051
0.0259755
0.00485488
0.0178704
0.024783
0.0104529
0.00528245
0.00214121
0.00272725
0.00102445
0.00176466
0.0015621
0.00150219
0.0455567
0.00141385
0.0129692
0.0141214
0.0057536
0.0370681
0.00212065
0.00496869
0.00507466
0.00644502
0.00517034
0.00720689
0.00173808
0.00547575
0.00342923
0.00817375
0.00989931
0.00334538
0.0351668
0.0278349
0.0337839
0.00189523
0.00943294
0.00217266
0.00188362
0.0106085
0.00217346
0.00148659
0.00191747
0.00473758
0.00220696
0.013267
0.00178064
0.0505721
0.0135916
0.0248431
0.0255269
0.038757
0.0179286
0.00719058
0.00548337
0.0432457
0.00868077
0.0285922
0.0095583
0.00518874
0.0331271
0.00951028
0.020233
0.00548772
0.0224939
0.0048918
0.0124909
0.050678
0.0148114
0.0124174
0.0310103
0.0324967
0.00869264
0.0051005
0.0106745
0.0155702
0.0126638
0.0100282
0.0701496
0.0375937
0.0226213
0.00661972
0.00121262
0.00715711
0.00628185
0.0115367
0.00759421
0.0183897
0.0103983
0.0195389
0.00270218
0.0170839
0.00176185
0.0215006
0.00325531
0.00705556
0.00576718
0.00413471
0.0103106
0.0104059
0.0119455
0.027138
0.0215769
0.0248641
0.0165322
0.0207615
0.00244976
0.00210064
0.0110217
0.00511475
0.0523565
0.0280798
0.029449
0.0032584
0.00367029
0.00716714
0.0140427
0.00257536
0.0348741
0.00679555
0.00799182
0.00796303
0.0448978
0.0112861
0.0107866
0.0292808
0.0197289
0.0258663
0.0225567
0.0225485
0.0253567
0.022525
0.00722399
0.00439476
0.00352852
0.0228905
0.0129688
0.00956992
0.0131145
0.0285602
0.000991594
0.0292614
0.00147418
0.00424974
0.0109986
0.013352
0.0054375
0.00656863
0.014948
0.00441969
0.00513254
0.012563
0.0120195
0.00873282
0.00569904
0.013676
0.0374061
0.0221845
0.00562589
0.0192775
0.00446745
0.0228041
0.00607421
0.0383398
0.0251212
0.00953425
0.0322326
0.0148325
0.0297666
0.0198965
0.0543022
0.0147715
0.00288019
0.0136087
0.0287181
0.00257783
0.0141318
0.00932753
0.0194435
0.00746161
0.0272999
0.00997309
0.00375003
0.00294084
0.0113997
0.00501296
0.0136491
0.00384949
0.00417059
0.0273868
0.0112371
0.00353076
0.0126793
0.00298311
0.00966092
0.0318335
0.0131861
0.00699552
0.0207068
0.00865544
0.0323501
0.00522711
0.00856014
0.00401079
0.00243887
0.00213657
0.0187928
0.00370585
0.00641472
0.0125996
0.00646218
0.00308379
0.00389879
0.00155098
0.00868267
0.00994217
0.0126476
0.0131246
0.00816154
0.00541738
0.0111211
0.00367575
0.0102831
0.00421147
0.0127624
0.00144289
0.00782347
0.00913741
0.0110716
0.00714221
0.00935506
0.00828462
0.0188076
0.00645955
0.00291629
0.00242985
0.004681
0.00583209
0.00897624
0.00162353
0.0252566
0.00194659
0.00810134
0.00510428
0.00449463
0.00784319
0.00266736
0.00266925
0.000438502
0.000691082
0.00661771
0.00410202
0.0061879
0.00911234
0.00680943
0.0126838
0.00656053
0.0024506
0.00480122
0.00494084
0.00274691
0.00305479
0.0098718
0.00728298
0.0117159
0.0108775
0.010485
0.00506615
0.0156328
0.0103587
0.0369144
0.0427305
0.00257433
0.00610681
0.00974187
0.0503629
0.00659244
0.00614504
0.00562742
0.0344466
0.00511236
0.0203032
0.0250106
0.00171964
0.00200744
0.00460626
0.003454
0.00929411
0.0495045
0.0412703
0.0247194
0.00438042
0.00470344
0.00570878
0.0114446
0.00829414
0.00298001
0.00152393
0.00965975
0.0138062
0.00583683
0.00378289
0.0035531
0.00151905
0.00208274
0.00158489
0.0192033
0.00210274
0.0112361
0.0134349
0.0112019
0.00282151
0.00181032
0.00764651
0.00216177
0.00637732
0.0114937
0.00509756
0.00406545
0.00162907
0.00386878
0.00186887
0.00695659
0.00447645
0.00347633
0.00435526
0.00326677
0.00685793
0.0130452
0.00287648
0.0170231
0.00249425
0.0115867
0.00764132
0.0542244
0.00905115
0.0878835
0.0112745
0.0410788
0.0280233
0.00588578
0.00349801
0.00640825
0.00269286
0.0148991
0.00787374
0.00347401
0.00144649
0.00167772
0.00825229
0.00641203
0.014504
0.0321793
0.0174441
0.00155192
0.00227544
0.00965149
0.00582587
0.00420372
0.0112894
0.00262285
0.00440133
0.0226337
0.0103832
0.00228623
0.00290651
0.023585
0.0132972
0.00250739
0.00344001
0.00422856
0.00157882
0.0112354
0.0147245
0.0100783
0.00607606
0.0024289
0.00477398
0.00678246
0.00350161
0.00249036
0.00580942
0.00230832
0.00108059
0.00209614
0.00871827
0.00183671
0.00840703
0.0043483
0.00958355
0.0158386
0.0119758
0.00717361
0.00477309
0.00933745
0.00292628
0.00983842
0.00765873
0.00898827
0.0109718
0.0131846
0.00920307
0.00725044
0.00820481
0.00879122
0.00802714
0.00881421
0.0102729
0.00890176
0.001427
0.0014153
0.00575525
0.0020444
0.00952319
0.0136565
0.027354
0.00967564
0.0175811
0.00371613
0.00726017
0.049489
0.0766542
0.00516782
0.0164904
0.0303278
0.00361244
0.0105751
0.0179952
0.00969786
0.0261463
0.00262017
0.0218648
0.0111659
0.00340541
0.029886
0.0032104
0.0203763
0.00394872
0.0286276
0.0105239
0.0102198
0.00583906
0.00221797
0.00651818
0.0194322
0.0239085
0.0115327
0.00436278
0.0238197
0.00917271
0.011128
0.0241085
0.0111479
0.0179133
0.0148655
0.00360807
0.00966655
0.00925781
0.0680079
0.0314195
0.00489493
0.00453341
0.012508
0.00343248
0.00158428
0.00138512
0.00683846
0.00206593
0.0250003
0.00622077
0.00271678
0.0131108
0.000247091
0.0104833
0.0156112
0.00807288
0.0115426
0.0015512
0.00758475
0.0161719
0.00440179
0.0174641
0.00270381
0.0139997
0.00844503
0.00263522
0.00431844
0.0180113
0.0124733
0.0151654
0.0176832
0.0119711
0.0102123
0.0193955
0.00413846
0.00554993
0.0133303
0.0140005
0.0100306
0.00890719
0.00721932
0.00192385
0.00466621
0.00430873
0.00376016
0.037342
0.0439739
0.00349882
0.00592671
0.00965511
0.00225802
0.00978348
0.00483464
0.0025364
0.00507701
0.000329937
0.000316827
0.00041726
0.0267632
0.0101443
0.00747208
0.0200992
0.0173667
0.00857575
0.01834
0.037918
0.0104631
0.0329726
0.00632513
0.00637397
0.00629748
0.0117053
0.0113595
0.00185157
0.0248128
0.00778496
0.00285425
0.0103994
0.0641793
0.0230996
0.000692302
0.007011
0.00381392
0.00280701
0.0534007
0.00467059
0.0138776
0.00817137
0.0142853
0.0145692
0.0518903
0.102119
0.0348905
0.000573239
0.0737037
0.0183606
0.0637583
0.0134721
0.0137899
0.0182018
0.00909492
8.20143e-05
6.14416e-05
4.43141e-05
0.00281358
0.00283366
0.0028843
0.00287273
0.00292885
0.00752234
0.00253383
0.00489525
0.00899051
0.00758059
0.00688943
0.025653
0.0539691
0.00241398
0.0256888
0.0403049
0.024694
0.00420253
0.00625363
0.0201457
0.00101116
0.000918606
0.00974864
0.00600362
0.0100608
0.00952882
1.00962e-05
4.63697e-06
3.7633e-06
0.00140658
0.0011246
0.00138222
0.00121474
0.00129005
0.000144945
8.17428e-05
0.000925029
0.00128006
0.00225654
0.0037728
0.0414553
0.00558181
0.0102056
0.0175579
0.0245156
0.0489321
0.0023722
0.00264024
0.0165184
0.00910116
0.0139918
0.00706446
0.00441858
0.0037845
0.00514117
0.00317742
0.0288986
0.0212752
0.00167888
0.0125027
0.0135203
0.0151261
0.0158524
0.0082505
0.006848
0.0101685
0.00850495
0.0463712
0.00154506
0.00451278
0.00239801
0.0237823
0.0140742
0.0138892
0.00420215
0.00594718
0.00799937
0.0131182
0.0150318
0.00360453
0.0103243
0.00619373
0.00761131
0.00566834
0.00472963
0.0166699
0.0294834
0.0179688
0.0479955
0.0393278
0.0178341
0.0181755
0.000755648
0.0102269
0.0150178
0.00502572
0.00110185
0.0515
0.000625009
0.0166084
0.0108625
0.0181345
0.0572568
0.0102175
0.03709
0.035678
0.0395712
0.0307864
0.0199907
0.0112276
0.00652353
0.00376919
0.0154996
0.0145258
0.00542955
0.0400554
0.00332595
0.0262177
0.0147905
0.0309239
0.0185687
0.011965
0.0154824
1.79695e-05
0.00573873
0.00351138
0.017647
0.00363741
0.00778133
0.0017873
0.000723831
0.00077647
3.6996e-06
4.80746e-06
0.00745098
0.00639243
0.0122074
0.00588046
0.0347677
0.012194
0.00706271
2.85494e-05
4.2752e-05
5.99126e-05
6.51392e-05
7.04156e-05
7.6397e-05
8.20181e-05
0.0030845
0.00270823
0.00673293
0.0119337
0.0156504
0.0150868
0.00425374
0.0131345
0.00639285
0.00432538
0.0191679
0.00280788
0.015759
0.00854541
0.00482615
0.0346043
0.014517
0.00170137
0.0100501
0.00282084
0.00359739
0.00209041
0.00869072
0.00349791
0.00985346
0.00863679
0.000101294
0.00365754
0.00522295
0.00142331
0.0016508
0.00798666
0.00381175
0.0138258
0.00113663
0.0124011
0.0070415
0.013299
0.0288276
0.0117935
0.00560399
0.00286109
0.00362731
0.00501105
0.00835221
0.0183009
0.0219587
0.013691
0.0017534
0.00588964
0.00925953
0.0186227
0.00881769
0.00263614
0.00465557
0.000816647
0.00538889
0.00161568
0.0267188
0.0147019
0.0038147
0.0203927
0.00605642
0.0174822
0.00794732
0.00402071
0.00358464
0.00245886
0.00321803
0.00255992
0.00521542
0.00473343
0.0207326
0.00836688
0.0153325
0.00659957
0.0118998
0.00554579
0.000858763
0.00879085
0.00532635
0.00120584
0.00409729
0.00318803
0.000481426
0.00146724
0.00694151
0.0062189
0.00603208
0.00393432
0.0196172
0.00339782
0.00206356
0.0144988
0.00535983
0.011218
0.000598754
0.000948688
0.0106103
0.0163325
0.00531246
0.0033019
0.0080465
0.00108574
0.000806187
0.00108389
6.13754e-05
0.00523803
0.00744295
0.00323381
0.00508003
0.0387365
0.0438296
0.0120537
0.00100042
0.00114011
0.00604941
0.012362
0.0134574
0.00235857
0.00256555
0.00257913
0.00163154
0.0054752
0.00815409
0.000316608
0.0177941
0.0309532
0.000502165
0.000666894
0.000396914
0.000235301
0.00290727
0.000518401
0.00143673
0.012971
0.000477605
0.0343709
0.00578516
0.0170467
0.0174192
0.0259359
0.00248225
0.00805249
0.00724287
0.00276029
0.00267454
0.0208658
0.0022806
0.00263324
0.0078611
0.00626607
0.00422779
0.00494801
0.00153437
0.003166
0.0668823
0.00467252
0.0158732
0.00374415
0.0137817
0.00734042
0.0146471
0.0163774
0.0201954
0.0156703
0.0291367
0.0109136
0.0180048
0.0461628
0.0111617
0.0161689
0.0219653
0.0112232
0.000991447
0.0021807
0.00393555
0.00610489
0.00390407
0.0234767
0.00213664
0.0113668
0.0222779
0.0148144
0.0160729
0.00617749
0.00339504
0.0130564
0.00811246
0.0136121
0.00977469
0.0222888
0.0159654
0.0120771
0.0193592
0.00209775
0.00337048
0.0265941
0.0526081
0.0367341
0.00865195
0.04042
0.00677028
0.000465419
0.0146381
0.0170552
0.0217008
0.0223892
0.0249718
0.00679775
0.00530635
0.011213
0.00375623
0.0544406
0.0166576
0.0136172
0.00840741
0.00370961
0.0112908
0.00592092
0.0135903
0.00589575
0.00109991
0.00040233
0.0182672
0.00495816
0.00206443
0.0277338
0.000846906
0.0209893
0.0201847
0.0203801
0.0110553
0.0421349
0.0199619
0.0050779
0.0169892
0.0304182
0.00219371
0.00866734
0.0086552
0.0117463
0.00896693
0.0064653
0.00729971
0.00144475
0.00343472
0.00761608
0.0137261
0.00765625
0.00223534
0.00451635
0.00141711
0.00329152
0.0197218
0.00784206
0.00799588
0.00889799
0.00708371
0.0202995
0.0187648
0.0205801
0.000284355
0.00128807
0.00054392
0.00753914
0.00800105
0.00418487
0.0234088
0.00951413
0.00199226
0.00212417
0.014394
0.00177246
0.019614
0.003897
0.00466484
0.0222051
0.0114789
0.00788051
0.0752136
0.0177776
0.0265558
0.00445374
0.0408318
0.00293785
0.025003
0.00451292
0.00319985
0.00327225
0.0316863
0.00354224
0.0299248
0.0354028
0.0200651
0.00569963
0.00847164
0.00757611
0.0107227
0.0462349
0.0178918
0.011445
0.0282513
0.00939088
0.00249857
0.00729019
0.00537852
0.010741
0.00192393
0.00965008
0.0147384
0.0090068
0.00666714
0.00887655
0.00388596
0.0111919
0.0014202
0.00537662
0.00338388
0.00756352
0.00670578
0.00629068
0.0218629
0.0264076
0.025717
0.0145171
0.013375
0.0128382
0.0130505
0.0175536
0.0155129
0.0122327
0.0133206
0.0129779
0.0361383
0.0539119
0.0150575
0.00974336
0.0122407
0.0355716
0.0174912
0.017124
0.0363669
0.00496187
0.00453752
0.047667
0.0219602
0.0328809
0.0195861
0.0196412
0.0121905
0.00281628
0.00338131
0.000590087
0.000826888
0.00111947
0.0317185
0.00143975
0.029607
0.040872
0.0307643
0.0309245
0.015246
0.00752386
0.0193154
0.0470526
0.00487322
0.00315045
0.0111083
0.00385749
0.0384951
0.0335962
0.000802676
0.00188741
0.00842611
0.0213335
0.00151965
0.00536095
0.00609428
0.0217339
0.0240128
0.00503781
0.00722917
0.000247381
0.0082825
0.0112227
0.000293509
0.000778925
0.0391512
0.00422363
0.00121776
0.0278538
0.0254051
0.00789344
0.0328659
0.0103212
0.00966629
0.00775051
0.0106942
0.025934
0.050158
0.0166731
0.0376098
0.0153584
0.0231077
0.022892
0.0221041
0.0333785
0.0286203
0.0214872
0.0176944
0.0197364
0.0172874
0.000851167
0.010295
0.0186315
0.00520936
0.00657577
0.00580039
0.00224161
0.0624053
0.0166681
0.00474622
0.0126352
0.00555574
0.0531157
0.0414605
0.00820005
0.00372489
0.0088634
0.00409104
0.0280864
0.0260332
0.00351534
0.00191826
0.00298727
0.00582969
0.0359564
0.0109851
0.00610397
0.00464838
0.00332181
0.00238701
0.00977037
0.0247059
0.0376987
0.00669068
0.00234799
0.0109896
0.0253743
0.013067
0.0128093
0.00729609
0.0024829
0.0103585
0.0120924
0.00388067
0.00065775
0.00149118
0.0027063
0.00323309
0.0103717
0.0095652
0.0156429
0.0414621
0.010168
0.00411043
0.00325359
0.00275166
0.0189158
0.0182186
0.0116071
0.00206507
0.0154752
0.0107019
0.00342412
0.0422978
0.0578665
0.0160117
0.039905
0.0249135
0.0808133
0.00848343
0.00164586
0.0271687
0.050953
0.0190328
0.0143772
0.00477528
0.0207604
0.00405135
0.00558753
0.0135756
0.00731826
0.00318235
0.0228461
0.0106431
0.0296587
0.00145961
0.00360946
0.0514602
0.00175627
0.00833521
0.0345748
0.0123224
0.0367932
0.00613708
0.00908726
0.00187891
0.0090578
0.0123519
0.0163769
0.001414
0.0118232
0.0046243
0.0103138
0.0084686
0.00056989
0.00512266
0.00426572
0.0243953
0.00424342
0.027222
0.0202249
0.0193253
0.0170564
0.00458405
0.00668614
0.0120434
0.00175931
0.0119922
0.0184941
0.00582756
0.00410017
0.00599133
0.00448681
0.0145238
0.00564201
0.00464909
0.00287545
0.00965691
0.00432753
0.02857
0.0108202
0.00075635
0.0136105
0.0106998
0.00258114
0.00623513
0.0146019
0.00707243
0.0116658
0.00721263
0.0290624
0.0177552
0.0198516
0.00246386
0.004342
0.00184404
0.00282374
0.000617599
0.0168614
0.00327917
0.000460188
0.0057023
0.00638205
0.0124593
0.00674173
0.0139883
0.0204863
0.0350762
0.0373437
0.00510106
0.00427294
0.00773065
0.0238807
0.0200884
0.0010628
0.0263014
0.0233399
0.00734119
0.0123826
0.0124051
0.0275624
0.00574897
0.0179728
0.00571319
0.0107749
0.00036361
0.000636533
0.00264703
0.0411984
0.00386076
0.0152048
0.00321487
0.0131651
0.0311002
0.0134104
0.0127023
0.00716674
0.0104769
0.0043135
0.0503077
0.0163394
0.0172857
0.0148302
0.0122509
0.00313433
0.00792422
0.0167097
0.0090964
0.00572409
0.0021913
0.00365296
0.00246117
0.0229169
0.0636149
0.00621162
0.000907329
0.00882444
0.0288025
0.00596043
0.00605425
0.00720737
0.00945587
0.00431332
0.00595359
5.24491e-23
5.4515e-23
5.23125e-23
0.00841256
0.0161691
0.0099789
0.00948191
0.00333615
0.00405245
0.00236533
0.00413126
0.0224188
0.0033699
0.00890654
0.0163061
0.020906
0.00276998
0.00312204
0.0253329
0.0118794
0.0210981
0.00595513
0.00628911
0.00197619
0.000897613
0.00396151
0.00396151
2.71946e-23
0.0058399
0.00408094
0.00378982
0.057529
0.00553433
0.01165
0.0496651
0.0179126
0.0497688
0.0049699
0.0111338
0.00660992
0.0166793
0.0105601
0.00634548
0.00576756
0.00370224
0.0306483
0.0192022
0.00709957
0.00226673
0.00453831
0.00386537
0.00805413
0.0024291
0.00297038
0.00537648
0.00712008
0.0228856
0.0119684
0.00368566
0.00821754
0.00840679
0.00315163
0.0155773
0.0199192
0.0213008
0.00724559
0.00326421
0.00124245
0.00132517
0.013716
0.0102025
0.011147
0.00904842
0.00703941
0.0137873
0.0463388
0.00660114
0.00217649
0.0264237
0.0136502
0.0329271
0.00158064
0.0325618
0.00156076
0.00566575
0.00374646
0.014941
0.0231334
0.00412957
0.00905016
0.0147721
0.0378662
0.00317522
0.023067
0.0136478
0.00324723
0.0058433
0.00787867
0.0224702
0.0130151
0.0060312
0.00243656
0.00174233
0.0159619
0.0123729
0.0308274
0.00787788
0.00585834
0.00504402
0.0114873
0.00404294
0.00306317
0.0162587
0.00908667
0.0125236
0.0249563
0.0480485
0.0264703
0.0158904
0.0152789
0.0147142
0.00810392
0.0122062
0.0116501
0.00462657
0.0067228
0.0157491
0.00718672
0.00710039
0.00817069
0.0176455
0.011154
0.0153177
0.0234377
0.0115494
0.00231674
0.00643382
0.00440404
0.00793286
0.00901323
0.00224211
0.000966297
0.001193
0.00289833
0.0165658
0.00123855
0.00457969
0.0133727
0.0308812
0.0100715
0.0376615
0.026439
0.00683362
0.00756415
0.00100519
0.00210145
0.0138098
0.00107759
0.0272722
0.0062798
0.00649927
0.0102709
0.00400405
0.0165832
0.0161793
0.00283743
0.0131159
0.0376787
0.010319
0.00552694
0.00297602
0.00840584
0.0141495
0.00767836
0.00467659
0.00183967
0.0016552
0.00112294
0.000733682
0.00186202
0.00162904
0.00181035
0.00114793
0.00103249
0.00212957
0.00128193
0.000201048
0.000668536
0.000549543
0.0018485
0.0048858
0.00100498
0.0192964
0.0130342
0.00665257
0.00311633
0.00325069
0.0052546
0.0153203
0.00762985
0.000742422
0.00898266
0.00230591
0.0150344
0.0047848
0.00412112
0.00377823
0.00181359
0.00146398
0.001094
0.0225147
0.0303978
0.000896232
0.025855
0.0130358
0.0325143
0.0223118
0.0200067
0.0102861
0.0139364
0.00138965
0.00351855
0.00430471
0.01562
0.00702032
0.0240971
0.00287027
0.00157423
0.00959791
0.0245474
0.0231505
0.022318
0.00542092
0.00441446
0.00401794
0.00821926
0.0044531
0.00355178
0.00401523
0.0456785
0.00788821
0.0163289
0.00683549
0.015309
0.0367662
0.0264477
0.00387759
0.015119
0.00994603
0.00658037
0.00270041
0.0350019
0.000369819
0.00096294
0.0230204
0.0147253
0.00207662
0.000681126
0.00308724
0.000618712
0.00389355
0.0161799
0.0105769
0.00224584
0.0102339
0.00930065
0.0225813
0.0163229
0.0501956
0.00531339
0.0587333
0.00121531
0.00115111
0.00132165
0.0626523
0.0422778
0.0485463
0.00284089
0.0151582
0.0256091
0.00974276
0.0222862
0.0570017
0.019847
0.0168288
0.0262574
0.00872666
0.0125104
0.0446741
0.00360616
0.0262189
0.00361207
0.01203
0.00351823
0.00638839
0.00649717
0.0133261
0.00183276
0.0122107
0.00139481
0.00566449
0.00191728
0.013604
0.0211887
0.0188165
0.00656776
0.00856933
0.00820748
0.0318924
0.0112215
0.00421417
0.0108481
0.000741355
0.00389001
0.00318363
0.0200488
0.039538
0.0115329
0.0229775
0.00523766
0.0138598
0.00918426
0.0332768
0.0205489
0.0156781
0.0194021
0.00554007
0.0227963
0.0499435
0.0161398
0.0173963
0.0161663
0.0195246
0.00620581
0.0117223
0.0222296
0.000760634
0.0320124
0.0365341
0.0127634
0.00431192
0.00278911
0.0153409
0.0111754
0.00379508
0.0123363
0.00412546
0.00128046
0.0042107
0.00627887
0.00711429
0.00630255
0.000703799
0.00550922
0.000360242
0.00965947
0.00634024
0.00828888
0.0215427
0.00917119
0.000232671
0.00835618
0.0110966
0.0125514
0.00866087
0.0459486
0.0205338
0.0187008
0.00410958
0.0459833
0.0072979
0.0198273
0.0219473
0.00568664
0.0174903
0.0090358
0.00759617
0.00951089
0.00890719
0.00576315
0.000373523
0.0128714
0.0119828
0.000325225
0.0307145
0.0240616
0.00692837
0.00905866
0.000993038
0.000343313
0.0323163
0.0552602
0.0112899
0.0122376
0.0189365
0.0109536
0.0121903
0.0142406
0.075839
0.00897587
0.0168221
0.0149204
0.00371588
0.0157166
0.0161888
0.0121946
0.0186132
0.0262861
0.0257989
0.00316908
0.00100824
0.00752346
0.0014947
0.0408438
0.0253379
0.00423514
0.0047177
0.00858208
0.00537835
0.00645973
0.00469166
0.00602408
0.00817958
0.00309354
0.0143992
0.00284761
0.00648054
0.0103372
0.0538446
0.010196
0.0319426
0.0101182
0.00541103
0.0198626
0.0123782
0.0194785
0.00437568
0.0078371
0.0130791
0.018436
0.0199785
0.0128121
0.029544
0.01212
0.0324731
0.00792125
0.0249725
0.00245339
0.00486693
0.0046073
0.000692735
0.00101488
0.0115647
0.00111631
0.0163278
0.0149317
0.00409009
0.0020809
0.00681978
0.00651008
0.00276163
0.0038229
0.0050196
0.0175406
0.00600053
0.00487355
0.0314042
0.005627
0.0230371
0.028515
0.00777495
0.00511797
0.0037417
0.0141248
0.00320871
0.0278546
0.0537907
0.0252021
0.0201283
0.020021
0.0274995
0.0183585
0.055197
0.0902999
0.00365088
0.00172504
0.00287829
0.0116933
0.0216712
0.00772654
0.000167929
0.00792248
0.00428261
0.00191695
0.0156057
0.000469503
0.0011942
0.00745501
0.012876
0.0090167
0.00838674
0.0427186
0.00467109
0.00646248
0.0118265
0.00374038
0.00097066
0.0412637
0.010836
0.00213476
0.0258207
0.00223757
0.017235
0.00286671
0.0148278
0.0192111
0.0246243
0.0258168
0.0123241
0.0116909
0.0180071
0.0191469
0.00301449
0.00219995
0.0181111
0.0341032
0.00808595
0.0100249
0.00865738
0.00762845
0.00980842
0.041149
0.000830134
0.0138725
0.0190463
0.0304658
0.0167701
0.000362851
0.000191348
0.022651
0.0243041
0.00016579
0.00579001
0.00795039
0.0129339
0.0034124
0.0345943
0.0146379
0.0303145
0.0148086
0.0192161
0.0212351
0.00933528
0.00760561
0.0348668
0.0179088
0.0145412
0.00255627
0.000923249
0.00161493
0.00686162
0.00372844
0.0030035
0.0129945
0.00169835
0.00333205
0.00245795
0.00171863
0.00112142
0.00343976
0.028884
0.0126297
0.0068772
0.0226238
0.014929
0.00611783
0.0255041
0.00399499
0.0102669
0.042935
0.0171262
0.0103548
0.00439894
0.00126567
0.00564799
0.00334442
0.00098996
0.0740685
0.0408905
0.0015853
0.0127519
0.0419458
0.0141578
0.0104567
0.00650546
0.00593622
0.00173238
0.00146882
0.0170864
0.00719466
0.0135364
0.0081274
0.00338943
0.00237101
0.00370208
0.0353639
0.0289266
0.0113518
0.00798985
0.00105559
0.00624711
0.0111017
0.0143967
0.0143656
0.0117245
0.00529374
0.0591143
0.00683051
0.00298253
0.00234218
0.0186411
0.00173325
0.00282775
0.0237677
0.0287919
0.0135369
0.00253558
0.0341448
0.00144698
0.0464025
0.0263243
0.0237911
0.0259116
0.00789164
0.0193063
0.0128474
0.00387331
0.0199461
0.00662015
0.0266261
0.0054355
0.0105462
0.0131208
0.00481411
0.0138272
0.00989573
0.00695796
0.0174777
0.00470382
0.00365062
0.00279762
0.00216033
0.00154447
0.0037507
0.00757777
0.00522065
0.00612368
0.00458763
0.00392974
0.0119501
0.0114657
0.00768042
0.0297179
0.00955179
0.000919246
0.0210597
0.0194848
0.0269326
0.00605917
0.00177384
0.00260334
0.00730764
0.0115298
0.0123307
0.00697917
0.00840958
0.00729082
0.00401694
0.00034075
0.00867752
0.0107977
0.0181976
0.0269539
0.00165351
0.00981553
0.0124297
0.0193347
0.0152483
0.0145179
0.00526056
0.00278637
0.00335958
0.00568267
0.00701372
0.00260957
0.0229938
0.0352201
0.004875
0.00809745
0.0328788
0.0254198
0.00214767
0.000815171
0.0118231
0.0233505
0.0188704
0.0181191
0.0165155
0.00755511
0.00995333
0.0275464
0.0387209
0.00359403
0.00444355
0.00407883
0.00463061
0.0117188
0.012746
0.0199875
0.00480544
0.0122562
0.0241998
0.00874581
1.10945e-23
1.18656e-23
1.1288e-23
1.26454e-23
0.00260229
0.000932347
0.00054108
0.00104916
0.00180366
0.0300306
0.0502041
0.013811
0.0135086
0.0136924
0.0115443
0.013542
0.00069872
0.012479
0.00404047
0.0132158
0.0264149
0.00816009
0.0058715
0.0152862
0.0210719
0.00251289
0.00251289
1.11468e-23
1.15717e-23
0.0193502
0.0640691
0.0138938
0.000219494
0.000302133
0.000136399
0.00019166
0.0132162
0.00800893
0.00965271
0.0192929
0.0145706
0.00504075
0.00589006
0.00927925
0.01687
0.00235452
0.00579089
0.00047684
0.000609896
0.0189797
0.000822501
0.00322524
0.00507187
0.0108483
0.00663953
0.00490576
0.0101094
0.00549595
0.00550323
0.0173543
0.00537928
0.0276122
0.022018
0.0028928
0.0176915
0.00356451
0.00208447
0.0024415
0.00689624
0.0212899
0.0368556
0.0208483
0.0165824
0.00616214
0.00533891
0.00440061
0.0407963
0.00907265
0.056209
0.00269028
0.00937603
0.00920418
0.00688427
0.000807866
0.0369759
0.0167082
0.00397437
0.0243891
0.0353707
0.0082272
0.00439448
0.00536788
0.00208164
0.0017704
0.00204163
0.0053239
0.0010162
0.0154051
0.0114607
0.0179144
0.00636587
0.00713034
0.0107349
0.0190807
0.0019664
0.00143384
0.000926026
0.000957432
0.00185028
0.00356681
0.00607834
0.0179645
0.0150184
0.00821721
0.00789065
0.00798892
0.00787767
0.00833642
0.0205483
0.0177534
0.00903093
0.0391775
0.00820117
0.00302924
0.0312479
0.0061661
0.00481762
0.00441321
0.00341499
0.00173179
0.00093242
0.00137533
0.00812885
0.00960668
0.00093554
0.0145406
0.0158774
0.0462867
0.0222297
0.0333153
0.0161908
0.0119964
0.0157864
0.0110504
0.0207394
0.00123233
0.00738886
0.0114804
0.00414914
0.00896115
0.00053628
0.00423991
0.00630943
0.0141252
0.00408824
0.00284957
0.00681136
0.00657313
0.0141593
0.0251936
0.00806706
0.0123493
0.015626
0.0402581
0.00119683
0.00150013
0.00182918
0.00216458
0.00250159
0.00131115
0.00725041
0.00337652
0.0885946
0.0430643
0.0124006
0.0179888
0.0194132
0.0362602
