1.58193
3.39721
6.31543
3.17532
2.73799
4.57405
2.94453
2.96825
0.0713324
1.45112
3.39285
4.69306
3.88335
9.19968
3.15311
1.45592
4.82829
11.8319
13.1429
64.2441
81.4486
3.31242
2.34632
4.19473
5.3137
6.82323
9.7059
8.55175
6.77655
8.83523
7.23848
0.444047
5.46204
2.01957
0.647554
0.949486
2.01454
0.633935
0.853392
1.72745
0.181919
1.44085
1.16733
2.02139
9.36929
12.809
8.89602
1.51192
1.69305
1.20443
1.11879
0.563691
0.494377
1.98153
1.93161
1.94391
68.7839
3.08429
9.6785
24.9662
18.2818
22.7535
47.9472
3.90433
0.771787
6.77215
0.788735
2.39601
4.68302
3.00882
1.5636
0.719667
0.579141
0.393955
0.755383
0.507947
1.30896
2.51843
1.63146
0.771992
0.665223
0.153953
2.42349
3.22771
3.88268
3.79752
12.6853
9.60214
16.9749
6.80936
1.28501
2.46724
1.91137
0.227983
0.123729
0.129516
0.597561
2.21021
1.60894
2.37039
1.25737
3.11006
2.52571
2.86488
4.21827
1.46773
0.832269
0.373429
0.237492
0.214777
0.280676
0.386778
0.524421
1.85021
0.41253
0.716232
0.105586
0.107999
0.959223
0.0786488
0.043524
0.00200659
0.230759
0.00176315
1.07121
0.232175
0.334696
0.032894
0.0746853
0.083721
0.186916
0.0875854
0.00641836
0.001754
0.274166
0.142929
0.00997179
0.0155223
0.130695
0.240425
0.159803
0.291262
0.0108954
0.0595054
0.0948468
0.114257
0.149607
0.106823
0.00404821
0.12278
0.168902
0.627638
0.0752642
1.22226
0.64879
2.15389
0.15662
0.190734
3.42423
7.09743
1.28401
3.29677
3.94666
0.0408042
0.229171
0.185582
0.155491
0.118584
0.105232
0.167285
0.266391
0.124038
0.162451
0.282887
0.0389037
0.228672
0.132489
0.133664
0.0188566
0.440683
0.0659995
0.227606
0.271619
0.124124
0.922816
1.4203
0.176076
0.288669
4.61996
3.4071
10.9348
1.60771
0.66038
0.403779
0.211216
0.0579861
0.0921848
0.492524
0.272781
2.42594
0.370023
0.262696
0.600968
0.306034
0.102666
0.219654
0.0535563
0.315905
0.162416
0.665884
1.38746
3.28376
1.73763
0.985274
0.662373
1.59573
0.3123
2.81421
0.356182
1.14278
1.76995
1.37729
0.0279283
0.00099601
0.212099
0.779381
1.34655
0.142499
0.237833
0.364308
0.025663
0.182579
0.0206663
0.286794
0.0460929
0.0706311
1.11038
0.931844
0.407066
0.699339
0.350102
1.75899
0.178274
0.430824
1.22173
0.162502
0.0715904
0.287308
0.0854247
0.0139555
0.0067268
0.0316617
0.165897
0.144865
0.0764534
0.261982
0.88202
8.16497
3.57232
2.46687
8.34599
19.7691
9.12708
16.409
28.8511
41.031
25.1557
4.90267
3.43723
1.18615
1.02183
0.321741
0.99032
16.5253
12.8647
5.7431
3.42146
3.09986
4.18542
3.12357
4.68169
3.50452
0.0652519
3.67755
1.19396
11.912
8.24083
7.07034
22.9058
64.0256
6.08767
46.6735
5.8787
3.16384
0.937207
0.563364
0.730302
2.89528
3.51504
0.169225
5.00303
1.46058
0.764545
0.0842294
0.332893
1.47832
0.162868
1.63094
0.212196
2.0444
8.28782
1.09516
1.61758
2.59706
7.3003
17.3655
48.5464
112.084
106.035
6.26393
49.0649
1.44524
14.1341
5.8367
7.19895
3.86693
0.272594
10.0435
6.24213
0.114263
1.28801
0.277817
0.091658
0.367871
0.020401
0.0315094
0.245555
0.0550213
0.0926082
0.141623
0.215113
0.174995
0.207069
0.185863
0.197107
0.237955
0.715361
1.07877
4.61938
4.82384
1.99203
17.9041
19.973
3.78899
2.37593
4.06459
6.75352
12.9958
9.99316
7.2638
19.1029
9.22199
4.63257
6.00123
3.94119
7.17189
39.6283
28.5001
335.86
214.83
12.0629
6.65544
4.96841
1.90401
8.44478
5.46133
8.58843
13.7873
7.70314
8.53644
8.37871
6.4444
4.99764
4.18319
4.52136
4.58392
4.03351
4.45087
4.11061
4.14487
4.12474
4.06138
3.95933
4.54232
4.34242
4.01864
0.127965
17.9682
0.0296423
3.63767
4.24252
4.10574
3.62037
4.30159
3.43057
4.13616
3.47615
3.31108
4.45158
4.05903
0.0163158
3.39755
3.3531
3.49358
8.25359
4.12922
5.25569
4.39749
0.00131949
5.03144
0.409803
5.47888
61.4834
60.5447
4.9652
5.70989
6.96741
9.28078
37.1922
11.7918
19.3702
14.2018
18.4319
10.6582
19.3999
15.7707
85.5667
141.459
117.52
1068.61
50.2173
6.95812
3.06776
0.864208
0.658741
2.68056
2.9795
0.0659273
0.0665563
0.0803371
0.185775
0.0893124
0.125474
0.177602
0.211227
0.543775
0.762259
0.688964
0.754071
0.710007
3.3808
1.82633
0.716526
0.870228
0.967601
1.21644
0.0200399
0.799874
0.190667
0.0886015
0.114426
0.0418462
0.0831895
0.129648
0.448307
0.270573
0.0794532
0.227815
0.327607
2.6908
2.44689
1.66816
3.21967
1.3281
4.21065
24.3077
7.31258
24.6466
125.092
9.31453
18.054
269.779
10.4732
1.96812
4.73921
10.3297
22.31
68.0169
42.4256
150.918
369.992
119.541
78.2202
18.7854
5.12799
264.744
6.48692
0.122398
37.6096
25.1521
21.7641
8.95946
18.3158
1.80615
28.2343
96.7881
87.2337
126.537
333.04
129.83
4.51229
3.06292
1.02057
269.501
34.4867
2.78281
4.1238
6.77377
23.2489
1.60182
1.63071
8.44817
25.9029
1.09898
37.6566
7.34646
12.1875
18.8077
20.531
144.239
20.1422
35.0374
4.75508
20.8129
4.00143
1.92981
0.996328
6.59478
0.0988145
0.0781009
0.308637
0.0618882
0.737775
0.382069
0.196475
0.154275
0.189268
0.0823284
0.127185
0.205796
0.078025
0.0676014
0.477147
0.233993
0.643614
0.346658
0.351825
0.853773
0.484789
0.536844
0.189087
1.63484
2.1683
1.63928
5.37575
2.66003
5.28588
3.51198
10.2695
0.78654
56.7996
4.0398
6.61978
19.9783
9.50851
6.02429
74.3695
3.93936
8.29967
4.74231
0.668306
0.980353
5.28886
1.05878
1.77171
0.0180602
5.64394
0.822591
9.17483
0.575856
21.0956
3.28017
4.15736
9.77154
74.2093
26.4646
217.587
89.2822
287.591
261.455
112.669
61.6482
103.542
62.9849
76.8634
58.0892
0.568651
78.8867
3.45837
68.9698
59.3972
37.2325
10.2484
19.189
15.1991
15.5676
17.2933
21.455
21.0594
28.5937
49.4808
56.5824
314.121
322.564
318.739
44.1923
526.653
62.549
34.8004
8.76065
3.55664
2.60433
8.42374
23.3633
26.7043
31.2575
27.0566
27.8259
26.1991
26.0477
26.9059
25.5374
27.6582
0.0491248
27.9272
23.911
53.4842
25.625
27.5684
26.0643
27.5452
29.5559
0.0635096
21.6568
28.1546
27.9836
29.7469
30.1531
27.2723
20.6566
29.1736
31.5953
0.0248205
0.172105
25.3475
0.0144658
0.458756
29.456
0.0622191
1.05114
0.79483
31.8932
0.0197404
26.2976
23.4556
26.0575
25.2642
24.7483
26.3106
23.7176
26.0373
24.8218
0.0126703
23.882
27.3103
27.5963
29.3053
1.46161
0.445043
27.1879
28.896
29.364
0.00586833
21.6939
26.1102
23.9137
24.1023
26.3584
0.0250694
21.3642
25.5903
28.3114
27.9971
29.708
23.882
22.822
21.9952
0.303545
0.169888
15.117
0.0123933
27.5154
0.0286596
1.14583
34.2017
0.0260123
23.4559
26.2761
31.2789
31.139
33.4074
32.3575
26.5763
26.8888
28.885
24.5885
26.4946
30.1808
33.5688
0.031401
30.1862
25.4463
0.0374604
27.4444
29.7219
29.1927
0.497656
27.5666
57.2414
44.6058
1.26397
18.8033
27.0713
26.7021
32.349
40.1528
35.6081
28.5308
29.8699
36.0016
37.2623
39.2698
36.4374
39.0919
36.6484
25.1308
33.5859
35.3276
56.982
0.0159188
2.82235
39.0145
26.7721
20.3035
30.645
36.1614
57.032
32.8837
40.3514
35.5724
39.9609
28.2397
34.9366
33.667
31.9265
0.768561
42.1767
35.4146
34.0156
0.0638563
26.5993
0.110608
29.5193
0.0341839
31.0057
0.0578914
30.0364
28.2515
0.110472
26.5657
0.484406
27.1212
17.3793
4.3105
8.404
19.6688
6.99703
0.0411225
0.770587
15.751
21.7971
26.2232
30.7411
21.4008
36.2884
41.8452
83.2093
52.1672
0.0426285
0.0423281
42.4232
38.8573
0.0537741
40.5211
166.975
25.7195
36.7484
0.0502482
31.5368
0.0794754
20.7465
30.4329
60.0324
35.7619
48.8406
0.0189298
31.823
0.0426081
69.6424
48.4052
72.8977
39.9244
44.1129
20.3167
26.0588
45.2344
91.1297
36.8508
23.3761
9.67629
4.18691
6.61904
11.153
6.89528
6.43742
8.29587
4.36481
2.72573
4.52325
9.93673
13.831
16.2469
18.7372
10.0083
4.40393
2.21573
2.88384
9.78619
17.8205
20.6738
12.5321
0.0213225
0.6692
4.17129
10.4438
8.55285
15.842
26.3182
24.3944
25.9919
52.608
20.6587
183.566
193.17
2.39516
405.45
408.39
32.9254
78.9884
16.8604
15.3
8.03269
11.3886
17.9516
38.7694
22.7557
234.518
0.451982
34.5998
14.5378
5.76985
3.3526
0.661179
1.99937
0.100562
5.22395
11.3867
14.187
9.86748
16.2522
17.7429
5.78851
3.82165
2.18199
0.211399
0.0279865
3.91413
2.61345
2.05989
0.857645
3.22562
6.53796
0.0727215
1.10826
0.0182581
2.92779
4.15446
3.8426
5.22427
7.93184
6.68347
5.13217
1.41134
7.27553
11.5675
0.15843
7.64102
0.0914502
0.237401
2.10836
9.91419
3.82722
5.51204
0.222383
1.23913
4.61152
5.29672
5.51223
4.3556
2.85425
4.72747
5.04075
6.4926
0.0367356
8.27792
3.47439
0.250747
2.81164
2.48541
2.04025
16.3678
3.02073
3.28346
5.14299
2.39973
4.3164
0.093595
1.18354
0.837228
1.49642
5.0155
5.89117
6.33824
5.94464
3.9186
4.68126
4.15692
1.35208
0.419441
0.157431
0.428417
1.10162
1.08418
0.712874
0.197077
0.270877
0.662117
0.340488
0.359608
1.08406
2.03402
5.21243
0.501294
0.700883
1.15459
0.440248
0.282618
0.390699
0.0224854
0.302763
0.0309163
0.465954
0.763356
0.886252
1.78094
0.661282
0.278082
0.81151
0.030729
0.376505
0.0654279
0.362889
0.221291
0.768386
2.62101
1.54563
0.490474
3.87438
1.73805
1.79011
0.0392942
0.622373
0.0480792
2.0623
0.353423
0.149772
0.740559
0.259788
1.09476
1.24028
0.0212146
4.36646
0.0356916
0.173297
5.98078
5.79042
0.927135
5.04913
1.21095
1.71296
3.90108
5.9548
10.8788
12.3848
10.4626
6.1431
4.69674
3.89185
3.94404
6.49583
8.08739
8.32341
9.55717
11.1444
6.0941
5.45138
5.90283
4.68812
12.6556
7.85681
9.82551
18.0403
30.7183
53.9385
42.2631
0.0132239
41.062
29.7202
30.9912
7.37474
16.0206
9.92424
7.16718
5.25557
7.34924
2.8575
4.96742
5.63159
5.82308
0.0132433
0.121219
4.26523
0.0930419
0.209578
0.153277
14.1369
7.04683
12.4229
0.023563
10.9285
8.19196
10.3131
0.119638
11.925
0.028381
6.11214
3.39635
3.08144
4.31224
5.44623
4.9534
0.0746632
10.6634
8.91004
19.7261
7.14495
7.13561
6.25884
5.32014
18.775
0.0137
8.98478
3.99678
0.0907315
10.0188
3.33122
4.18577
3.95544
12.2466
0.0776338
4.30577
29.2051
0.503035
6.64788
5.33289
0.00419573
8.60006
9.01976
0.0910746
4.33514
6.44222
0.00702918
6.28212
3.36567
3.76225
0.102219
6.97431
6.36876
8.23682
5.5872
6.46318
5.88625
4.50421
2.91567
3.41305
7.30995
77.7907
81.1165
14.3152
14.4246
17.1626
0.684786
7.81134
15.4857
2.71405
0.44313
0.283084
0.301716
0.551177
2.28978
2.49279
3.41556
4.16176
0.945963
10.9611
28.3642
1.06334
0.553208
0.501557
8.70103
4.89002
5.09745
0.0334715
0.180315
7.0089
0.0521976
7.13203
3.13676
5.24383
4.17807
4.85726
3.31923
0.122717
1.12941
0.191564
0.918239
0.659012
2.04087
2.25034
1.25736
0.342996
0.423611
0.453393
0.790367
0.187087
0.161248
0.329763
0.731424
1.52921
3.73918
2.18152
3.29888
1.71021
2.56543
0.685159
0.889203
0.978412
0.916292
1.1647
1.30143
1.1933
0.282415
0.204146
0.0260987
0.0820651
2.16959
2.31761
4.52861
2.94743
3.55158
0.0234589
2.11623
6.57712
3.41837
1.91577
0.178935
0.0813355
0.026606
1.27112
0.379919
1.04331
0.874576
0.866298
0.333388
0.126081
0.688605
0.747607
0.583784
0.670908
1.13779
1.40996
2.54983
0.331164
0.27896
0.770745
10.3893
2.1961
5.06111
11.3993
21.7723
35.9559
31.0737
29.3766
38.1432
30.3725
6.27187
17.4459
0.0962689
9.0042
0.0795914
6.03501
3.46919
3.88975
0.47284
0.498227
0.220896
0.0804442
0.208117
0.00845999
0.165223
0.689245
0.0976315
0.139198
0.206722
1.21094
2.01525
0.0778373
0.731846
0.113547
0.636544
0.937704
0.042357
0.181235
0.111992
0.194816
1.59128
0.59715
1.00129
3.80857
4.06115
8.41706
10.325
19.7716
20.9053
19.4
26.4812
43.6797
35.858
19.9346
24.9456
19.5787
0.0865757
19.6372
24.9734
33.0728
59.3035
89.6019
135.527
165.037
148.779
147.454
138.381
107.28
80.0382
46.7453
55.299
60.2718
60.1441
55.5503
54.963
64.8396
128.574
3.29858
154.584
96.0425
145.433
172.251
258.854
192.479
197.768
208.412
189.266
209.816
207.977
217.727
169.401
158.055
154.424
176.371
169.492
147.72
146.593
12.2301
186.884
201.902
141.178
459.157
176.06
99.5663
102.38
77.45
98.9855
114.97
110.532
117.96
120.998
122.31
112.845
0.21937
108.119
109.099
117.911
133.641
121.986
131.188
148.397
37.3852
38.8621
60.7509
104.063
3.09741
70.5952
133.75
125.156
109.777
139.21
148.5
162.234
147.821
115.946
108.603
104.987
112.682
146.985
155.837
140.921
0.62552
123.814
110.608
111.754
114.148
0.0625097
174.298
141.412
169.261
166.043
164.657
0.390475
122.172
88.5463
145.434
234.46
148.913
132.69
0.796498
140.296
62.3131
39.5183
31.4657
24.9981
28.3573
32.9395
0.142914
24.5776
20.279
0.376772
40.0638
37.8632
2.9347
2.43008
14.3298
23.3796
5.4315
83.0442
1.0284
7.00696
16.5038
28.1534
35.2392
33.6639
43.3531
53.9286
129.117
343.492
492.914
462.536
545.898
455.298
531.705
467.737
430.202
168.891
77.0181
64.2931
2.28978
14.7426
8.89935
5.11376
1.8578
0.715463
3.51981
1.95586
2.85725
3.08459
2.70345
1.08669
0.440623
0.149633
0.198528
0.258072
0.725173
0.339245
0.271255
0.532001
0.288186
0.00487762
0.0531098
0.109563
0.145558
0.0656137
0.0757874
0.21284
0.69664
0.268617
0.120391
0.141061
0.0749752
0.0133098
0.0247487
0.0267637
0.135359
0.19172
0.0478989
0.0295895
0.171456
0.082982
0.0328351
0.0549169
0.0461811
0.348763
0.261778
0.0497332
0.05138
0.0973517
0.777825
0.340201
0.147473
0.231533
0.00907377
0.327963
0.527529
0.427884
0.219604
1.39899
1.82308
2.29101
1.73708
2.34649
9.47353
6.47725
6.50292
13.7432
12.1081
11.4061
8.12706
3.78148
0.740176
1.24624
1.98031
0.205624
1.77474
0.813879
3.66448
6.9775
24.4063
39.2152
65.6885
118.962
80.519
93.6638
98.8202
55.3136
7.82149
3.53079
18.8421
28.5323
0.108579
26.0711
63.2739
77.5367
117.029
84.3603
40.9066
29.5044
24.2008
0.359358
36.9074
30.5066
23.3505
69.26
0.613194
219.034
51.7508
37.9765
44.1837
37.4891
0.584588
58.3306
71.9337
76.6551
243.572
534.485
40.1387
101.268
63.8719
0.673291
13.1104
145.351
279.569
64.9342
64.6737
58.0542
65.4697
74.4771
117.477
187.841
236.95
266.199
235.69
177.588
253.117
254.91
282.099
203.741
180.836
127.944
0.308887
169.109
41.3553
35.0285
48.0313
72.2554
82.5807
93.9858
101.576
32.1756
160.311
102.325
91.3144
69.8551
141.978
19.7457
18.301
58.8098
34.2592
1.70424
1.55094
18.0312
52.1842
0.932997
21.4756
0.533546
39.9426
35.8713
294.463
69.2882
72.3363
74.6559
64.7444
49.2926
59.5209
8.84252
60.8086
247.706
0.29187
60.3172
67.0072
50.0254
50.0733
22.5063
7.97393
31.7914
65.298
57.1314
274.596
30.7245
53.8361
237.338
41.6283
35.2685
73.5813
3.34469
141.521
0.82501
57.7277
0.194457
11.8608
34.6246
77.0399
0.149304
27.8382
54.7588
39.1774
411.166
115.871
176.32
3.0999
122.526
105.219
0.151553
105.274
26.703
63.5822
36.5255
41.2664
36.65
28.0418
38.5827
37.8982
31.9465
4.30225
13.9763
37.8423
4.64583
14.3077
17.9561
23.8569
34.6767
34.4005
33.694
15.2394
2.75242
0.448288
45.2046
6.83137
6.24771
2.89689
0.964635
0.512938
0.311061
0.310264
0.787573
1.88139
0.58146
22.2242
2.83553
2.99037
0.136112
0.719295
0.532499
1.09283
1.08184
1.43417
1.94526
1.75698
0.383127
0.581498
0.303319
1.38532
0.73444
0.329049
0.471513
0.492951
0.499587
0.712646
0.41895
0.329852
1.22261
0.765029
0.0288239
1.03481
1.22924
0.410515
0.129786
0.0571721
0.117909
0.355742
0.0710901
0.378881
0.520107
0.225081
0.41644
0.505577
0.148122
1.52198
0.75953
0.567282
0.369881
0.20205
0.0779865
0.465159
0.155032
0.881271
0.0212687
0.221471
0.314145
0.0124643
0.00403213
0.00548647
0.033774
0.335058
0.0520211
0.0995371
0.093396
1.2799
0.35871
0.929326
0.529622
1.05797
0.528193
2.00559
1.36883
1.94787
2.42401
3.23861
1.86043
1.43985
0.145546
0.84975
1.28097
0.675607
0.280118
0.276247
0.609828
0.558201
0.358123
0.364153
2.0774
1.14215
1.52537
0.0174909
2.42444
2.37914
16.1165
2.65567
4.66721
4.34816
0.105613
3.94796
3.14105
0.0259959
4.10316
0.0537529
2.81193
3.90039
0.545694
0.884086
0.991335
1.81976
0.361949
1.60899
1.01234
2.25539
1.31058
1.33676
1.81306
1.73676
1.64715
2.11131
0.78558
1.63765
0.0974227
0.715999
0.980825
1.25471
1.00802
0.551373
1.35098
3.31601
0.0683858
1.41392
1.18784
0.526078
6.2066
5.86711
1.79597
1.42328
5.59858
1.00454
11.7801
6.11564
1.27612
6.88469
2.22684
2.59605
0.385338
14.3587
1.17892
12.4052
4.66753
1.82034
2.23929
4.35462
0.996327
1.17225
0.890775
4.22318
3.1403
0.413044
0.268414
0.260597
15.1427
0.174277
0.162441
0.578759
0.635482
0.358996
0.684741
0.749773
0.511636
3.00067
2.25122
13.2195
0.482377
1.29919
0.74661
0.204979
0.452965
0.449407
1.62228
0.32229
0.334326
0.0439841
0.169394
0.521965
0.717355
0.422555
1.0982
0.166042
0.315236
0.716605
1.41042
2.68042
2.21632
0.539233
1.6063
0.135199
0.702792
1.00736
14.9382
0.515453
1.33723
0.205198
0.863954
0.06067
0.346948
0.521593
0.271418
0.135043
0.646171
1.18864
0.241421
0.358672
0.557878
0.128596
0.434112
0.418081
0.394964
3.80469
1.49672
0.89064
1.4142
0.258819
0.24285
0.0586586
1.4787
1.59908
1.51053
0.429932
0.665707
0.301849
0.0509896
0.488054
0.0140032
0.781478
2.09454
0.467925
0.493606
0.0476864
0.0269707
0.0776966
0.354262
0.906456
1.11876
0.429122
0.0223963
4.0377
1.53297
0.79181
1.10301
0.121699
0.239222
1.63715
1.40752
0.103471
0.349001
0.239788
0.328339
0.457241
0.130792
1.22135
0.420995
1.44048
2.24326
2.43618
0.490275
3.6273
8.95772
5.72769
5.24107
6.62743
1.78685
3.12554
0.691136
2.84382
3.68176
3.58571
1.31335
7.10729
0.879292
6.54281
8.17737
10.4689
11.0314
5.70281
9.01006
7.621
2.70089
0.399625
31.641
6.49043
16.4515
26.0108
47.3631
0.728823
93.4309
367.958
136.497
182.367
217.292
192.777
290.987
517.87
328.982
251.56
144.284
277.083
347.876
309.427
3.07114
5.66247
284.176
246.437
392.699
438.625
522.228
746.888
512.006
423.155
390.301
296.919
255.662
292.686
323.455
377.257
20.1728
510.791
343.836
268.755
184.576
170.423
445.599
253.359
5.07612
243.346
226.826
164.136
115.368
125.183
142.827
0.713619
266.221
78.8196
313.229
115.934
115.446
163.402
192.61
124.869
5.09563
148.014
151.888
166.665
146.812
3.71806
121.156
155.005
0.174067
126.443
145.974
0.318721
195.736
232.773
182.649
138.344
158.279
146.053
182.872
151.223
0.140542
12.3351
200.429
158.75
0.183609
157.318
163.344
228.287
292.007
311.891
284.24
0.202046
323.603
144.743
264.728
704.677
176.137
198.382
150.103
156.629
204.997
355.074
434.805
187.57
0.473515
190.052
165.638
126.128
0.710841
159.644
136.31
335.985
130.737
0.761663
289.751
262.945
8.13146
331.905
266.602
1.76894
317.607
310.428
213.841
215.233
230.269
247.928
235.687
246.917
282.912
302.74
750.701
331.221
222.297
124.756
231.373
85.3217
138.212
95.2186
77.9405
69.6252
0.161962
151.247
0.137955
93.7688
121.692
0.0600241
127.052
0.0208667
0.0734709
0.0153397
126.101
115.247
129.644
0.0298162
123.273
132.472
87.591
1.97595
1.63338
101.163
123.346
137.979
135.297
0.16979
0.149598
212.853
150.003
0.307384
196.679
0.920582
150.044
1.43481
116.534
114.686
268.511
155.288
131.054
68.4785
80.2367
27.3861
2.02603
178.29
0.77251
93.4712
68.9335
55.2619
53.707
54.2297
0.414507
495.604
81.6356
1.00643
67.2738
86.3678
14.5176
68.8988
5.12698
55.4267
28.5888
24.4151
0.10142
16.4335
7.13197
4.17515
1.37322
0.178938
2.69313
2.2679
2.43166
5.44377
0.0287378
3.02342
14.5471
9.03969
90.5337
0.315685
11.8592
37.2448
26.8576
39.1923
1.04595
74.0463
3.98681
148.408
118.95
185.252
288.195
425.235
369.114
405.851
368.2
404.406
502.521
710.881
793.452
609.08
582.286
162.596
81.2438
301.454
268.387
937.975
979.861
674.868
701.681
882.793
794.804
661.894
565.669
5.43898
750.782
607.801
696.872
708.703
729.937
931.058
121.052
1127.35
22.8299
262.332
336.495
303.225
282.021
374.878
370.956
370.607
384.602
320.154
2.20422
471.802
674.929
807.826
807.167
3.14028
2.63166
737.882
765.468
793.322
786.61
2.46773
745.37
0.403274
11.9371
0.728567
3.40971
737.738
4.29527
970.639
959.664
358.352
231.777
194.409
170.728
170.611
171.497
177.106
191.74
225.579
198.254
762.321
1.33764
202.46
164.39
165.436
162.717
214.416
166.324
361.762
267.039
378.52
771.11
887.155
709.834
783.421
1.64424
594.817
1.66904
656.409
410.368
152.107
241.957
34.7518
118.812
191.582
273.485
20.948
377.958
45.9564
196.697
392.583
470.543
678.917
652.386
422.941
418.73
426.071
470.395
1659.17
454.879
0.421875
399.83
0.876577
1730.93
1746.46
462.122
390.833
513.607
497.541
609.798
551.971
12.5594
813.989
460.691
714.566
391.912
358.757
5.37557
82.408
220.968
385.814
583.803
657.075
3.23708
604.38
576.573
395.02
1.46378
459.077
0.566672
1339.21
1802.03
490.305
0.74546
527.809
563.023
155.648
653.34
112.554
72.4621
320.404
224.332
111.471
143.476
163.666
299.19
18.0157
387.293
710.25
6.39405
365.317
417.57
326.253
352.298
6.3528
539.379
401.841
367.249
2.00799
275.56
338.134
3.32807
302.746
449.926
391.132
68.7357
223.129
1531.15
291.089
706.101
431.13
629.856
603.456
0.926971
495.687
616.078
660.775
493.105
431.298
409.49
612.501
453.814
446.063
437.581
427.023
3.19533
456.662
335.147
1452.92
5.80658
1927.41
698.998
544.685
470.134
773.182
849.009
821.218
749.328
704.793
668.375
48.6103
445.182
4380.35
515.924
1.48745
5.01928
757.912
563.826
1102.9
502.592
661.422
0.448225
1168.14
566.649
578.867
48.886
4289.52
716.602
0.772757
4248.98
602.88
759.049
756.039
0.187203
682.28
751.053
717.836
755.983
755.961
759.858
1.46738
824.255
773.414
5.32453
4.80524
739.419
620.109
529.402
513.154
412.168
334.314
0.859737
1917.07
368.228
614.018
608.812
1303.76
12.0107
265.325
150.013
607.803
1609.07
236.772
576.81
166.632
166.632
283.464
370.282
0.530764
1.16373
684.894
211.692
183.376
0.0577406
212.633
230.09
233.865
0.081449
259.333
234.051
953.99
240.887
241.535
254.522
230.491
247.868
0.223147
260.63
465.696
252.701
0.23171
260.818
0.441006
245.05
198.454
210.226
214.186
185.577
252.59
244.808
271.248
18.7036
1056.97
240.021
243.3
286.123
9.6276
64.6411
34.4518
718.477
91.6512
118.121
13.7444
230.619
831.642
280.402
1573.53
356.731
360.084
129.273
443.251
159.421
98.7398
79.6098
55.8395
127.75
2.15445
271.024
86.6785
0.7782
166.585
0.491211
110.942
104.526
0.186857
41.4678
1.90738
17.779
17.7899
0.4182
1.9355
34.7299
1.35251
4.02573
0.153485
1.10861
0.512827
0.818848
0.163271
0.44834
0.668442
1.2157
0.395405
0.891798
0.849137
0.274307
0.014222
3.96614
1.2232
0.200899
0.0847899
0.81486
0.841769
0.623097
1.17846
1.98412
1.76229
1.17078
0.850801
3.78916
7.33734
10.0375
5.21771
8.12383
6.33962
29.1234
21.734
6.97899
61.3016
24.3485
22.1528
0.437453
0.353412
10.6085
1.49539
0.649634
0.494717
1.05722
1.5504
4.57691
5.82948
0.880857
6.98642
0.680582
3.26055
0.658071
1.05494
0.522218
2.81378
0.605917
30.7146
60.2717
0.04095
9.69558
3.38629
8.01921
5.09268
4.20514
3.06351
4.71824
0.857902
3.38584
13.3404
0.23682
0.529147
1.89517
0.462757
0.702396
0.0830268
0.516008
0.242993
0.163348
0.94725
0.594899
1.28805
0.845322
6.85158
1.15645
0.30855
1.06537
1.21896
1.44672
29.4104
0.318573
16.3921
2.36597
6.4325
19.6931
11.3578
3.56505
4.57358
3.55784
2.77036
0.270706
7.52187
0.137777
2.80593
9.94595
0.38778
0.0307654
0.874632
0.0472407
0.740046
0.566138
0.591679
0.790772
1.13213
1.26646
0.895252
0.0336585
3.03556
0.0352228
0.607141
0.937091
0.820518
0.0403338
0.350906
0.279807
1.13306
1.86089
1.04282
1.22136
6.12714
2.42669
4.67667
3.13123
7.23943
13.9998
6.03171
16.087
0.0819657
157.901
35.346
15.8153
15.397
25.1259
18.392
895.095
99.038
269.464
205.241
8.94355
296.228
5.94986
1437.06
653.36
0.45776
154.59
2.98388
2832.01
0.969034
1080.74
1.65328
458.228
0.560427
551.199
474.398
2.10553
1020.98
347.029
247.689
383.222
427.762
7.48064
499.046
9.576
1454.3
1459.65
274.627
521.918
313.242
211.935
66.6844
3.99557
14.9057
12.6074
6.0529
23.7234
13.9254
12.1691
9.28599
3.66799
0.751029
1.44174
5.22021
5.81776
0.882338
2.05373
4.19601
2.59363
2.80876
3.17244
0.151667
0.120813
0.00107631
0.0946023
0.169743
0.200061
0.886737
0.070877
0.466133
1.82059
0.748941
1.67085
0.540107
0.369797
0.59419
0.240856
1.63672
0.609856
0.402951
0.191977
0.653138
8.03348
2.44251
0.16185
2.8237
0.641807
0.392005
0.780859
3.99105
5.38761
2.37033
5.14544
3.77221
1.49301
3.12629
3.29447
7.34501
30.2925
59.0718
67.6464
100.862
17.0642
8.0903
516.155
0.461362
11.5074
2.432
0.162433
4.36736
6.09438
0.833792
1.15982
0.360585
6.89412
0.0843827
0.386064
0.119747
0.0174292
0.022436
0.0213915
0.0131783
0.0394234
0.0372077
0.00185714
0.0306848
0.00766754
0.00316031
0.00755229
0.00722538
0.0184664
0.0452774
0.0605617
0.00938108
0.0348267
0.00647902
0.010857
0.141004
0.0354234
0.0940075
0.0516581
0.204187
3.35305
0.22416
11.4953
4.56545
23.31
15.8688
3.94884
3.38958
8.14442
0.661072
5.76788
3.14984
2.78862
3.0447
0.166699
0.277497
7.15529
7.95992
6.05386
0.541995
2.30621
3.49312
3.34821
2.8519
5.1742
6.16314
5.10349
21.9332
1.04201
6.32931
7.26672
5.1409
12.8705
12.2499
1.23965
5.96136
13.7281
4.42169
3.37621
1.41764
6.5867
3.37051
0.512054
10.199
18.819
14.0954
18.4244
0.082042
18.5012
0.357869
20.9296
22.5645
25.121
15.8837
19.653
23.414
20.4457
14.3632
21.8875
14.9985
4.24854
4.15243
58.1157
43.1598
12.3725
209.455
43.5136
301.63
823.964
23.4567
88.4036
90.8699
87.8199
48.2322
13.3597
143.149
1.29247
7.95138
27.9568
9.38014
35.1877
10.614
8.04362
16.706
0.0563739
16.7644
0.333353
0.286753
231.603
226.935
38.9139
44.2973
7.01062
39.3483
204.334
15.6863
4.02063
1.60451
0.665342
0.406097
2.09328
0.0213183
4.30671
13.5415
13.5757
7.39069
19.0906
6.19966
0.185137
0.313074
8.72461
8.63983
0.0637022
2.08112
7.26976
5.13953
0.40933
1.10068
5.62905
9.88409
9.12028
13.0346
21.1578
23.0989
1.21208
68.4123
50.2571
21.2958
25.1841
0.203043
23.7538
24.9605
45.3031
0.996907
15.4585
0.944876
22.0397
10.3554
15.4077
27.942
6.18871
48.8953
3.4929
1.42161
3.24197
3.37912
2.01212
2.38377
3.04315
1.42493
7.33366
0.0659819
4.18723
2.16993
2.61102
0.10528
0.44254
0.223685
2.42947
2.90886
0.0528832
0.270499
0.0367878
0.281567
0.266644
1.3459
2.42011
0.906456
17.5894
1.88144
3.00911
2.1292
0.676722
0.350644
1.29736
0.6696
0.301722
0.195964
0.361795
0.443923
0.566287
0.34712
0.848874
0.0236815
0.0124994
0.0199172
0.0277184
0.016246
0.580788
0.0834091
1.04278
0.951862
0.0481918
0.163259
0.0869714
0.169067
1.60254
0.182426
0.115546
0.136778
0.269346
1.20065
19.7666
3.68823
4.04485
1.6316
0.783931
1.64915
0.0832803
2.04113
1.3272
1.17278
0.877887
0.0375916
0.0990761
0.934195
0.0329978
1.57763
0.407142
0.375755
0.403838
0.103362
0.175085
0.242789
13.8278
2.60611
8.79591
5.80566
4.79137
0.386718
0.178791
0.381668
5.0887
2.03719
0.666439
0.25773
1.1083
0.0108328
0.0451378
0.637802
0.921227
0.103999
0.064124
0.134739
0.381126
0.0632697
0.00605241
0.0118119
0.0255071
0.068589
0.0690663
0.0578909
0.0468649
0.465517
0.0527427
0.129515
0.212297
0.0744907
0.346537
0.158472
0.211431
0.60923
3.82525
0.399651
0.933106
0.718084
0.0110667
0.0252513
0.102386
0.0978598
0.0737699
0.0454258
0.0799936
0.0696543
0.0628551
0.0651721
0.102446
0.026025
0.0733163
0.864863
0.0371674
0.984311
0.585774
0.588963
0.617714
0.113387
1.24294
0.166986
1.58518
1.51253
2.42619
0.755118
1.77717
0.0332129
0.951571
1.72475
4.48846
3.98718
1.04505
2.87533
3.18088
0.658515
0.179074
3.86771
0.40402
2.59178
0.752117
2.84409
2.59369
0.278565
2.8447
0.0379706
0.0832631
0.194
0.281614
2.84307
2.86284
2.1889
0.0214517
2.26153
0.687429
0.433454
0.171241
0.438332
2.13528
0.187169
0.792036
1.02404
0.0845868
0.198534
1.16823
0.153415
1.0327
1.12874
0.63483
1.51276
0.145037
0.375143
0.0542941
0.434283
0.232717
1.70784
0.0966789
2.26752
1.00727
0.0880029
1.46751
0.626497
0.0223398
3.04208
3.76716
3.48406
14.5785
18.1517
5.42302
1.82934
8.03858
0.344121
7.23233
11.9301
13.0654
3.49676
0.426121
9.17309
5.6378
2.71962
0.0585087
5.44735
6.668
4.01173
7.11388
0.145331
0.148256
3.15669
0.0371284
0.0509513
0.0704118
0.0479672
1.91091
0.0178558
3.3158
3.56029
3.36578
3.1507
4.77986
0.561061
2.90738
8.58778
1.19759
0.308558
1.06716
0.022034
2.35858
1.64685
3.91199
0.878014
0.643925
0.274765
0.0331708
0.25696
0.793273
0.067507
0.107763
1.22607
0.0520175
0.0965214
0.019768
0.0394008
0.0373463
0.103336
0.105642
0.0721966
0.0538127
0.0733925
0.0538911
0.0281381
0.0480406
0.0105107
0.0752701
0.0555182
0.00920057
0.0127626
0.113117
0.0131771
0.0190341
0.112288
0.0447475
0.000988507
0.0927094
0.132139
0.0783093
0.075352
0.0477697
0.902315
0.288568
0.615528
0.758676
0.492162
2.65079
62.3101
2.71218
11.6438
34.4444
7.85617
0.38594
19.8418
2.77006
13.998
6.30794
7.02797
0.79114
7.88794
0.983839
10.91
179.85
7.87482
4.26288
1.7897
32.2831
1.70928
3.85649
1.65662
3.41886
2.14323
13.0123
19.7615
4.82079
0.652004
7.56274
42.1218
36.9732
38.1071
50.1391
73.5952
90.0507
162.7
343.323
0.457884
82.8997
40.4155
0.166924
5.27478
36.3006
26.8284
26.9051
13.1665
4.29517
9.61076
29.3618
81.9791
2.37897
17.8623
29.919
12.6179
30.6045
1151.97
39.3346
115.065
0.35488
302.14
27.4742
37.2151
43.3528
41.6816
42.8508
30.5222
24.4953
5.14384
13.8974
33.4494
14.6205
41.0623
86.1155
48.1967
45.4634
1.46611
50.4901
72.5497
0.832534
143.173
155.126
441.695
91.0126
153.949
151.245
686.887
96.9643
118.443
124.883
117.087
219.506
738.487
172.491
184.421
157.991
135.676
169.058
131.989
175.207
232.738
213.585
2.21063
258.562
175.314
77.9921
511.092
160.21
242.466
284.051
0.690284
258.557
0.0728371
52.0638
135.704
8.8317
119.038
1.67865
154.654
179.135
9.09054
5.71817
190.563
111.172
187.432
127.431
9.74015
317.13
177.353
194.809
196.699
274.419
176.955
3.01638
428.273
169.663
358.587
217.89
245.615
360.674
39.1791
440.817
444.813
696.972
179.443
168.899
247.5
158.744
133.752
0.288324
154.614
10.9497
2.09334
0.262503
132.31
194.7
207.388
194.381
0.509551
1.49189
241.408
0.111814
282.116
272.534
299.632
1.17762
597.484
1226.64
287.664
217.221
414.155
54.3242
320.654
319.816
217.218
8.17493
106.007
251.548
2.69295
255.16
251.468
266.854
777.735
1.18884
274.328
296.82
277.675
2575.5
1035.47
271.606
247.439
280.461
271.547
898.148
255.152
309.18
100.098
1192.72
0.56217
0.386322
1084.78
107.017
964.586
994.028
1.02439
1115.41
291.422
253.763
162.102
213.787
402.938
2196
1592.29
0.730718
416.776
486.893
470.195
491.368
499.529
445.868
171.743
794.616
968.557
2310.3
0.259686
0.14961
1615.88
1942.51
595.715
1986.35
320.869
3.31947
642.398
775.742
1.08376
1455.39
24.7374
759.252
226.431
0.271638
116.815
178.776
165.569
154.695
4.4567
5.89361
267.852
94.688
7.30824
24.922
29.0558
1.7741
20.404
36.0768
41.5983
0.974497
68.0711
2291.89
182.582
392.524
468.569
948.608
575.379
0.244439
358.41
0.391875
0.466456
283.721
374.315
377.466
862.165
995.882
734.485
448.319
176.019
219.943
169.165
515.964
422.761
220.423
385.148
476.852
353.019
150.538
310.608
161.251
2921.35
1.47609
137.624
165.262
503.755
423.218
314.822
290.795
111.089
5.55045
10.1649
5.69401
13.6983
9.67896
3.05798
5.91038
1.83487
1.38436
1.60906
0.050971
0.532412
0.297151
0.346429
0.284594
2.88785
3.01461
22.1414
7.89349
16.1795
9.89949
12.1007
8.82953
12.9359
21.6711
27.7768
99.203
3.71858
1.67255
0.219146
0.209423
0.418551
0.508917
0.567689
2.67615
1.39217
4.4478
2.02382
11.8141
13.3011
21.1663
64.5323
97.6752
70.2183
66.7929
62.4875
58.1128
58.4871
28.8564
65.5675
171.23
462.298
504.204
867.136
446.968
821.785
411.295
509.037
420.541
266.626
192.589
35.5782
54.238
0.715784
66.7598
50.1331
0.186989
0.0687707
63.6882
67.1228
58.632
59.8604
133.229
17.7098
22.9523
297.78
81.5241
329.417
489.927
773.35
389.103
8.0925
255.471
549.417
411.829
268.746
113.494
47.6323
6.89535
49.5165
5.24302
15.6513
36.5472
35.2178
227.629
63.3083
55.9214
175.09
94.7184
0.317208
482.512
403.611
493.652
1.15788
589.823
373.921
1.57017
737
231.523
11.5181
12.8476
13.9769
5.96332
16.0015
9.89547
25.5981
24.9994
24.8958
10.904
5.82263
4.12867
5.99859
43.6253
3.14099
16.2689
10.8947
6.78516
5.97757
13.9642
1.26024
5.09899
8.98356
4.26664
62.3793
113.738
235.572
350.215
27.865
140.975
227.313
216.962
133.361
0.327775
38.1999
0.718949
0.328166
9.8856
1.20306
7.71168
15.341
10.5769
8.74575
107.301
5.01126
11.9198
1.83945
6.38427
2.64257
6.45042
0.723051
2.21983
4.49283
5.77381
7.99351
5.02333
4.11345
7.4753
5.68513
35.8553
26.7617
262.185
66.0075
90.489
185.176
181.589
186.583
68.0489
146.241
22.6469
40.7446
3.38027
16.1658
4.54064
4.62265
8.2497
10.6683
1.0285
12.6147
12.5068
10.3389
10.7958
17.944
39.3069
129.619
237.081
133.726
69.8022
70.5552
426.132
27.9282
11.9112
46.5686
59.7816
104.618
3.22056
105.272
22.6659
1.66658
1.0822
1.31313
11.709
5.78493
15.7647
1.18198
2.48335
28.6976
0.366248
0.335354
26.8999
16.8093
13.8346
24.8882
4.25562
95.7091
1.17375
166.556
0.617972
254.532
269.254
409.11
415.001
0.329871
219.252
1.1881
145.262
1336.97
187.001
205.577
185.465
237.809
885.042
40.0705
17.3583
304.829
1.12436
5.0699
515.578
501.012
3.82516
761.871
182.154
27.8123
32.4126
124.905
90.1865
14.2033
62.098
111.244
203.956
381.005
337.482
1.08174
385.771
6.84514
616.386
7.87529
10.585
524.06
431.931
496.039
471.378
335.88
441.053
225.422
5.25929
98.3782
12.3562
17.1408
774.387
153.739
10.0996
483.547
336.035
19.8984
18.5703
1.00849
55.404
59.4066
17.1738
1.48261
11.1578
59.1743
18.1482
8.35046
202.118
11.6118
22.6722
11.8542
0.595174
1.31906
7.82496
15.3365
10.8213
11.9569
219.842
94.7191
193.068
82.1927
68.9671
66.2407
72.4043
76.5888
76.6992
75.8616
69.581
169.34
77.3925
66.2673
49.2785
35.9595
33.3643
41.6513
48.1529
783.118
2.35518
43.2711
71.0161
85.1177
143.408
62.3972
324.598
330.31
77.1163
94.0756
105.773
111.609
118.56
110.497
1860.49
108.464
445.921
109.51
109.24
119.67
460.991
109.497
381.342
0.225135
0.059395
105.699
231.438
115.652
118.415
114.058
118.2
161.734
192.211
223.426
231.941
233.731
227.816
227.204
225.192
214.422
220.144
217.972
190.246
247.501
228.67
227.722
0.453188
243.951
0.741516
248.616
214.479
200.355
0.106513
1.13117
0.0805712
222.467
234.742
952.206
240.61
243.431
231.98
231.781
234.511
255.09
242.125
2465.98
229.679
236.262
216.398
216.725
223.832
205.414
200.499
179.986
183.266
172.796
207.462
194.151
189.55
198.551
203.961
205.852
1994.04
188.388
179.591
184.342
198.291
1946.61
229.056
1558.77
186.276
185.44
189.664
198.311
191.945
193.593
179.623
205.387
0.413075
190.717
793.509
346.819
183.428
3088.43
148.128
152.129
193.946
193.294
194.51
194.917
2080.92
2098.32
233.882
256.743
452.664
220.736
183.807
213.947
185.278
186.161
191.238
174.864
160.048
183.279
184.141
197.579
187.664
187.598
0.0155695
1772.36
186.406
192.479
191.041
199.899
1023.91
213.345
1767.77
187.691
3434.96
199.818
192.822
212.78
221.894
208.257
1879.28
1647.86
3278.39
295.754
708.617
199.046
377.491
171.875
178.453
0.532553
1.13928
187.8
164.538
146.28
126.867
118.736
1255.14
119.429
124.735
1219.32
124.896
116.768
99.5884
77.8049
85.2539
68.3609
762.153
774.177
758.521
74.4435
68.0014
48.73
28.5051
15.7381
6.66107
3.48641
2.49309
0.274119
0.129833
0.102937
0.0699396
0.0203698
0.0203783
0.0621751
0.0591858
0.0223689
0.0134431
0.0150611
0.00737519
0.0212291
0.017139
0.00222894
0.0396976
0.0157833
0.00690474
0.0032805
0.00676655
0.00865218
0.0113749
0.56605
0.0408888
0.776476
0.675357
3.0019
1.40155
2.51061
4.79564
5.84919
3.37381
2.91642
4.91338
0.085343
4.26254
0.077859
5.48553
0.527057
3.30941
1.37928
7.7629
12238.4
2.00177
1.05215
2.5205
6.46823
4.21289
1.79454
0.139077
0.160438
0.20238
3.14824
17.369
4.63528
1.87216
0.990508
1.96947
0.533912
14.5668
1.3494
3.82566
1.2148
4.317
1.4536
0.43749
5.667
8.01059
10.0091
8.49276
8.22586
7.05599
2.76073
11.8555
12.6782
14.4811
4.20846
2.1903
0.140557
2.31824
1.61725
0.841449
1.72449
0.371431
0.251496
1.13996
0.275541
0.704843
1.54791
1.4561
2.71978
8.0145
34.8345
10.4156
1.26819
14.7718
6.02269
0.696153
2.04193
4.19594
4.27117
0.604003
4.45528
4.85104
5.12129
3.79121
4.05025
1.86151
1.88028
4.39206
2.85409
2.97375
3.22092
2.0207
0.928459
0.778239
0.720654
0.495918
1.52277
2.03066
4.03087
2.41737
2.60074
0.911472
2.40308
5.04924
0.0840398
6.27775
1.1785
2.72665
4.68957
7.24441
14.6424
13.8047
26.4795
9.49164
9430.99
4.44532
4.7346
6.97466
3.15835
3.60244
1.33535
9591.29
20.9729
21.7536
12.3472
6.70079
5.19922
7.14888
2.15374
1.48476
2.94055
2.12693
1.83702
1.46746
2.79082
1.37264
0.694478
1.70907
3.04663
1.45071
2.95143
2.47866
1.39471
4.7017
1.47326
0.087086
1.10135
0.193428
2.74126
1.19268
14.7526
4.27541
0.399443
0.355845
0.435359
0.442136
0.175895
0.583271
0.850776
1.55356
0.444
0.0585075
5.74357
0.00146975
2.66141
1.099
1.18712
1.48352
0.0263481
0.873394
2.09579
1.75697
3.66506
10.2926
11.6735
0.738028
0.66917
0.525696
23.2865
0.460255
0.0379375
2.14598
0.475148
0.00996554
0.189064
0.239964
0.435245
0.196309
0.0143824
0.00827318
0.630038
0.0659805
0.190771
0.233601
0.500208
0.154076
1.1755
0.0111125
0.155665
0.0625808
1.05448
0.51275
0.939885
0.0200204
0.027791
0.0836678
0.385699
0.13824
0.0513014
0.116617
0.0954347
0.0485067
0.126307
1.11189
4.50327
0.779818
2.0564
0.793099
0.816245
0.302747
0.0557028
1.23441
0.799567
0.414304
0.14459
0.0568464
0.0847141
0.173232
0.205084
0.0780244
0.195205
0.278964
0.635159
0.58777
0.688707
0.462003
0.554336
1.92925
0.211907
0.456548
1.33376
0.182753
1.69266
0.738093
0.121691
1.57117
0.880284
1.81516
1.8661
2.54144
1.00803
1.21923
2.66102
1.92939
2.67543
3.173
3.04457
2.70277
43.5556
3.57624
21.5779
0.975276
3.38101
3.45845
2.16343
1.13277
1.37301
2.36655
6.98336
1.97479
3.7354
0.575993
6.23625
6.04506
0.0546083
10.8578
10.0211
9.18899
10.9344
6.93597
13.4527
8.3685
0.615289
6.87796
9.69146
6.91254
9.95055
1.16233
15.7143
14.5314
7.22138
3.02316
0.201534
2.76477
2.22919
2.77359
1.01915
1.68193
7.11969
2.32506
3.64867
1.39702
1.29736
1.2241
0.428133
1.88012
5.28728
7.7886
5.43509
2.70108
42.3759
102.625
15.5912
22.981
111.175
4.02768
57.0229
0.364541
30.6954
7.93432
11.1441
8.54568
1.6792
13.4729
0.104689
1.02409
9.83776
8.95111
9.77803
0.260093
10.3741
5.34491
4.45919
6.01922
2.94962
7.31349
16.2204
14.1324
6.46737
5.39188
19.1244
106.824
1.51641
18.316
3.22527
9.8477
4.26042
10.2385
115.82
38.5764
76.2717
187.522
4.13957
8.01622
80.5528
16.0166
9.30971
7.21007
3.40973
7.21212
3.05456
7.76434
0.445651
0.478058
0.756846
0.737637
0.504045
0.088135
2.44093
0.139624
2.2752
1.28492
0.500657
0.583798
1.17296
1.01054
2.71106
0.699847
0.617213
15.5885
1.14257
1.33724
0.532656
0.671912
0.869755
0.378197
0.133805
0.248371
2.48702
1.69329
2.27108
0.632498
3.51924
0.750398
0.246122
3.90401
4.86109
1.89005
0.0876349
0.0687914
0.0398237
0.240304
0.0771239
0.0292614
0.09178
0.0499084
0.00574952
0.0303881
0.0667142
0.182931
0.101285
0.18109
0.00689226
0.0135482
0.0218283
0.924451
0.0327958
0.69244
0.315741
0.167347
0.155113
0.234545
0.387003
1.47062
0.457729
3.0585
2.0023
7.36898
0.81984
0.386841
0.257024
5.92287
0.0324512
0.811118
0.270011
0.191776
0.295942
0.652713
0.348273
0.15325
0.393006
0.992655
0.34481
2.08049
1.04169
0.902406
0.0692724
0.508286
1.75461
0.261505
0.336144
0.0112699
0.070342
0.25862
0.0298986
0.115252
0.0921032
0.0515211
0.170766
0.0863787
0.192477
0.476699
0.622523
0.437515
0.237796
0.379872
1.05452
0.55295
0.292001
3.89946
0.3322
0.234577
0.494528
1.34771
1.14964
0.665939
1.1096
3.57328
0.770977
4.9433
1.32158
10.983
3.76939
13.3577
13.779
13.7802
33.6437
15.6355
0.577318
50.5574
47.6168
0.682459
23.6826
1.3907
3.12824
0.701263
0.303635
1.40819
0.536257
1.16398
6.06075
1.87005
0.073505
3.04203
3.75233
3.22467
4.76074
0.13025
3.04864
1.14796
5.28109
2.98103
5.91652
0.594239
7.94621
14.4682
24.3307
37.1919
36.2355
33.1266
22.5991
0.347452
30.8309
29.0708
41.6352
20.9142
27.77
28.6907
24.3071
35.3937
189.445
0.217005
191.714
0.238408
27.8181
24.9559
24.1332
33.2341
19.9687
0.26519
0.0631135
9.59433
0.223827
2.9264
3.10948
2.1718
2.37635
0.27119
5.04738
17.9956
5.6947
0.265189
18.8433
15.0517
0.830367
30.6796
0.381633
32.031
0.352173
0.328246
0.505598
34.079
30.0218
11.942
11.9425
8.37689
3.25646
17.8813
109.935
380.625
221.791
28.2293
142.601
17.9842
6.59364
3.35494
44.2604
36.4474
0.888658
90.5531
182.85
326.574
324.921
1.53954
0.180553
242.163
805.97
156.993
166.382
166.657
12.2176
183.734
139.221
4.12289
3.01121
210.464
101.154
0.952033
400.955
343.258
270.747
367.314
4065.48
3343.06
554.547
709.833
1097.51
1047.77
1032.62
955.89
852.929
834.067
884.607
832.768
805.7
803.887
833.741
1637.65
938.795
3695.9
791.354
0.570745
873.488
817.794
0.129703
842.357
0.101637
870.579
1.64568
821.603
1057.56
966.793
1112.76
955.095
839.967
525.301
561.61
511.308
533.873
2151.23
524.262
0.327632
521.18
0.331798
2101.24
545.639
6.05866
484.429
465.996
298.166
239.392
26.941
55.519
1.72774
97.0405
313.824
1.04733
789.083
3354.93
533.278
539.764
192.611
696.588
382.227
6.29889
162.917
138.441
23.0644
52.5432
76.8139
93.3785
15.0941
18.0754
41.7622
188.663
205.082
206.154
220.498
233.629
277.893
267.098
307.37
321.056
470.235
621.03
79.8989
232.128
276.835
244.326
667.613
262.181
319.839
439.588
20.3748
20.959
454.743
2.11035
93.0661
1.48847
225.817
378.947
338.683
330.608
361.32
312.787
370.94
386.787
456.839
648.147
802.455
837.061
745.567
673.713
790.126
838.611
570.891
465.265
457.759
0.861181
925.44
967.503
712.537
604.45
511.974
396.747
501.006
666.637
607.494
571.364
544.48
511.513
489.942
542.077
562.317
535.921
546.778
582.721
439.931
1.06503
452.156
475.148
424.253
389.373
416.565
474.548
676.72
832.119
860.103
757.06
0.598585
705.134
359.418
286.187
1019.53
349.503
8.04697
284.743
0.458719
317.735
79.5564
156.146
1.40491
329.118
438.405
442.483
490.147
437.315
453.262
477.023
461.231
392.414
254.859
287.317
412.239
553.994
476.507
423.03
385.558
379.712
346.761
494.548
533.057
563.011
549.674
433.35
426.321
531.146
648.244
500.322
555.91
768.725
25.6048
2014.01
597.237
494.2
3.89449
2468.23
559.179
721.97
808.738
898.776
933.43
862.056
878.152
900.307
754.245
953.523
644.838
732.009
880.132
900.688
943.781
792.373
740.996
695.22
0.107211
0.0115099
3842.13
541.744
528.259
491.641
472.584
367.844
401.194
398.175
354.804
369.073
7145.17
384.006
349.545
271.549
3267.97
261.331
210.705
149.259
101.054
73.2979
160.41
69.9359
156.289
1441.22
648.171
482.829
100.248
80.9931
98.5185
205.88
252.167
301.378
185.627
183.755
222.654
111.816
0.410916
948.858
2268.5
215.715
218.152
283.511
0.0723377
297.579
191.415
277.668
519.739
340.851
543.775
641.975
583.932
518.814
414.803
114.479
369.233
436.986
1706.35
428.661
495.415
610.835
651.621
677.802
407.372
2.72356
413.032
383.377
3469.66
757.445
3465.56
3.63226
401.185
1.63147
1.16655
466.224
425.891
0.676771
1037.37
423.233
464.525
524.509
458.874
498.55
1.18013
603.292
461.025
540.976
528.1
581.112
603.395
0.925101
655.804
478.585
456.399
3.07532
549.157
533.247
446.731
515.298
591.88
700.801
432.276
445.821
473.832
1371.87
55.1036
548.885
285.157
629.165
501.487
2.59653
14.7329
6.50048
458.956
582.09
0.157891
532.398
586.483
624.974
0.953336
447.751
1.07698
1.15801
532.143
500.132
2537.97
375.619
0.108142
378.757
12.337
633.736
3503.1
757.279
1006.68
27.7728
1130.14
11.9412
502.361
565.79
3.33642
2536.88
744.677
8.11486
759.635
1.6586
889.103
1463.64
2620.53
4630.1
928.699
2748.02
1279.91
2046.79
706.448
743.359
882.145
2778.93
890.234
3501.46
3697.75
1040.91
1245.58
622.049
148.571
389.063
560.019
1114.77
42.7298
2827.11
765.664
0.388006
0.199206
1010.45
1243.79
12.7776
877.834
2.65913
833.012
540.907
0.974426
0.782151
385.6
409.456
551.726
404.658
3.12243
106.953
106.775
657.297
531.001
513.14
931.727
529.779
0.425174
529.21
166.124
0.579536
0.622777
144.84
84.8998
76.9813
74.5049
2.19933
84.7578
81.2388
0.119623
76.2894
95.7305
206.776
141.503
265.865
152.851
353.446
0.383527
503.977
0.479616
1115.65
520.973
655.183
0.0536697
0.643507
413.071
478.621
423.006
450.111
482.731
603.065
786.868
647.041
831.255
748.096
17.4386
409.384
16.2972
54.834
467.811
436.79
0.314674
302.537
315.429
13.8782
59.6445
457.394
362.897
181.888
221.003
218.594
259.908
221.537
218.088
237.451
0.0186865
279.523
228.208
292.614
294.707
303.484
0.620765
318.095
0.721823
370.409
432.448
0.50939
302.181
372.058
0.836474
392.203
1.51541
1.86722
519.154
379.919
507.943
405.138
513.966
434.153
362.098
279.491
168.703
159.556
207.621
856.537
35.1001
213.272
158.548
0.126784
41.9111
154.578
512.725
187.943
769.047
174.113
178.108
330.348
154.24
809.737
171.693
1483.46
1462
133.997
220.27
570.231
103.428
271.857
34.3813
21.2605
28.3847
54.9995
0.544399
62.7278
66.4755
80.5045
0.402984
0.414454
91.768
0.337318
68.1911
62.535
31.7901
125.298
36.3664
11.4054
50.6032
152.58
44.624
41.3611
33.1796
24.1275
67.1411
0.165536
213.894
207.534
442.892
330.968
277.716
1627.68
258.658
262.284
296.761
411.176
293.54
2.56546
23.24
384.779
17.6383
1.88724
402.427
227.338
2263.98
160.109
12.9502
259.358
719.131
147.301
2056.09
621.81
547.916
0.276832
0.294365
639.389
24.9707
688.025
879.635
236.978
777.238
1733.62
4.61493
378.002
3822.54
376.114
363.742
6.50899
291.211
435.42
0.211531
0.13411
492.17
1.76869
1.01149
362.347
474.864
0.517552
0.680252
396.744
490.858
411.204
344.265
258.579
526.122
198.263
273.311
252.532
168.487
27.6984
381.94
499.884
502.969
183.556
0.134562
6.8091
4.77649
428.017
420.922
0.324152
360.62
1.97511
1.99608
344.286
306.002
262.664
39.093
100.406
107.265
125.13
0.21738
0.259292
107.019
199.086
264.777
102.443
100.895
1.87936
114.122
10.452
9.40337
205.79
155.047
0.200732
57.5044
0.184401
0.0961789
103.908
0.229077
118.527
124.433
116.822
136.83
2145.19
180.806
179.619
221.432
244.849
278.649
252.252
307.89
372.74
387.137
428.743
435.952
447.167
451.776
457.431
448.749
468.394
6539.06
7072.5
238.151
457.391
475.973
4678.26
232.531
460.292
4661.76
871.474
7340.93
273.698
434.456
426.795
4241.44
356.282
476.934
460.089
7130.31
356.244
1611.89
1610.57
512.779
425.551
3753.88
666.954
453.706
463.127
452.75
0.30902
461.674
0.122248
653.343
1885.77
1867.61
330.355
7902.85
220.997
466.531
1.35753
1059.13
1943.96
1936.19
808.552
462.913
0.10842
440.467
406.313
883.114
889.475
437.942
445.512
1725.19
430.558
4344.05
487.987
7442.62
7446.37
537.857
424.455
442.596
433.152
482.896
453.202
496.604
439.211
7354.59
452.814
4760.06
489.467
435.548
453.99
453.638
1927.22
399.375
0.425349
518.929
0.0462585
436.435
4149.14
448.326
453.877
0.14822
485.02
480.286
486.518
443.771
479.957
480.515
423.872
478.121
432.423
457.837
432.646
445.445
496.456
460.398
480.086
462.672
498.406
472.472
471.661
484.136
525.731
469.688
471.32
494.837
483.273
498.675
498.741
482.022
503.114
503.888
488.542
479.253
495.223
476.542
483.844
483.446
477.916
462.388
0.658709
0.651978
615.281
497.002
481.274
2385.88
570.093
472.157
470.65
509.209
488.332
0.272068
480.485
494.37
0.52468
0.44153
516.417
0.581362
486.091
516.476
487.166
505.863
0.586323
3.82498
502.475
0.236955
487.661
517.224
492.769
506.029
502.321
477.477
460.47
510.73
495.698
1.55304
450.802
465.245
3.29416
480.631
503.991
467.692
509.244
458.595
452.547
513.479
523.701
508.791
503.068
508.598
498.558
469.734
488.714
474.232
524.795
534.839
0.139976
0.0941333
409.235
1.47865
547.819
1.28584
488.31
536.535
0.253902
561.997
525.274
503.855
515.089
509.475
0.0475019
0.260858
612.578
0.116781
503.413
512.229
433.508
0.639701
532.293
0.66781
475.712
0.108035
4.07214
509.55
0.43892
485.442
2.15302
532.384
487.513
449.758
2406.01
494.408
454.723
7476.38
722.164
454.68
474.303
471.864
1778.04
498.129
492.356
542.172
436.13
478.753
492.386
474.782
4585.27
488.141
1840.93
462.878
939.405
2398.74
461.485
0.604097
453.843
483.772
189440
31641.8
15732.6
274594
140506
123883
463334
15370.3
40384.4
17143.2
1746.61
1664.94
164210
1615.36
144885
199236
14935.4
59293.4
4770.63
43985.4
